2.967769165039062500e+02 9.047094726562500000e+02
2.233023834228515625e+02 1.041705322265625000e+03
2.592477722167968750e+02 1.547854492187500000e+03
2.061982727050781250e+02 8.050095825195312500e+02
2.707488098144531250e+02 1.667903442382812500e+03
2.497000732421875000e+02 1.304636962890625000e+03
2.271234130859375000e+03 8.282761230468750000e+02
2.349717864990234375e+02 1.085594482421875000e+03
2.500356292724609375e+02 1.289566894531250000e+03
2.465519104003906250e+02 1.233758178710937500e+03
2.564315490722656250e+02 1.307255126953125000e+03
2.002357635498046875e+02 6.071105957031250000e+02
2.002357635498046875e+02 6.071105957031250000e+02
2.800197143554687500e+02 1.690161743164062500e+03
2.341096038818359375e+02 9.934888916015625000e+02
2.802467041015625000e+02 1.705282958984375000e+03
2.536966094970703125e+02 1.212430664062500000e+03
2.529639739990234375e+02 1.203056274414062500e+03
2.410975799560546875e+02 1.012205932617187500e+03
2.040000305175781250e+02 5.896109008789062500e+02
2.216842498779296875e+02 7.922584838867187500e+02
2.396415710449218750e+02 9.534616088867187500e+02
2.030364227294921875e+02 5.429685058593750000e+02
2.617961425781250000e+02 1.234244750976562500e+03
2.854969177246093750e+02 1.626979492187500000e+03
2.854969177246093750e+02 1.626979492187500000e+03
2.319272460937500000e+02 8.442838745117187500e+02
2.338372192382812500e+02 8.580950927734375000e+02
2.323736114501953125e+02 8.380153198242187500e+02
2.413095855712890625e+02 9.107269897460937500e+02
2.973163757324218750e+02 1.706329833984375000e+03
2.518891906738281250e+02 9.934993286132812500e+02
2.747621459960937500e+02 1.286783447265625000e+03
2.842626037597656250e+02 1.406191162109375000e+03
2.794677429199218750e+02 1.315471435546875000e+03
2.794677429199218750e+02 1.315471435546875000e+03
2.562976379394531250e+02 9.711776733398437500e+02
2.791062622070312500e+02 1.279381713867187500e+03
2.909331970214843750e+02 1.424353515625000000e+03
2.582391052246093750e+02 9.874602050781250000e+02
2.773114013671875000e+02 1.222419677734375000e+03
2.933335571289062500e+02 1.429520141601562500e+03
2.611939697265625000e+02 1.002770263671875000e+03
2.600440673828125000e+02 9.572033081054687500e+02
3.000907287597656250e+02 1.589376342773437500e+03
3.056829833984375000e+02 1.637275024414062500e+03
2.304503784179687500e+02 6.172685546875000000e+02
2.304503784179687500e+02 6.172685546875000000e+02
2.950079040527343750e+02 1.407973510742187500e+03
3.066522216796875000e+02 1.624913940429687500e+03
2.620620117187500000e+02 9.488640747070312500e+02
2.352785491943359375e+02 6.013526000976562500e+02
2.743081665039062500e+02 1.084626464843750000e+03
2.942871093750000000e+02 1.289598144531250000e+03
2.703345336914062500e+02 9.768717651367187500e+02
6.130784988403320312e+01 1.319434204101562500e+03
3.011867065429687500e+02 1.393278564453125000e+03
2.689291687011718750e+02 9.639487304687500000e+02
2.302816619873046875e+02 4.882038574218750000e+02
3.175095825195312500e+02 1.663034179687500000e+03
2.570342102050781250e+02 7.960371093750000000e+02
2.613614196777343750e+02 8.150079956054687500e+02
2.782843627929687500e+02 1.002758789062500000e+03
2.903051452636718750e+02 1.162283203125000000e+03
2.454287719726562500e+02 6.116536865234375000e+02
3.003546142578125000e+02 1.299768310546875000e+03
2.948478088378906250e+02 1.222824462890625000e+03
2.884804687500000000e+02 1.118231445312500000e+03
3.134349975585937500e+02 1.408039428710937500e+03
3.134349975585937500e+02 1.408039428710937500e+03
3.133168945312500000e+02 1.400608276367187500e+03
3.026799926757812500e+02 1.244632080078125000e+03
3.297810668945312500e+02 1.640762817382812500e+03
2.934337768554687500e+02 1.040908691406250000e+03
3.338802795410156250e+02 1.650985107421875000e+03
2.291656188964843750e+02 3.993647460937500000e+02
3.373596801757812500e+02 1.710230834960937500e+03
3.220950927734375000e+02 1.392500976562500000e+03
2.695260314941406250e+02 7.332303466796875000e+02
2.695260314941406250e+02 7.332303466796875000e+02
2.840163269042968750e+02 8.746594238281250000e+02
3.089613342285156250e+02 1.195923828125000000e+03
3.022000427246093750e+02 1.079810180664062500e+03
2.934078063964843750e+02 9.541166992187500000e+02
3.297230224609375000e+02 1.382894531250000000e+03
3.297230224609375000e+02 1.382894531250000000e+03
3.022835998535156250e+02 9.994244995117187500e+02
3.328583984375000000e+02 1.394146850585937500e+03
3.081759643554687500e+02 1.084010131835937500e+03
3.015975952148437500e+02 9.760767211914062500e+02
2.883613281250000000e+02 8.151591796875000000e+02
2.967769165039062500e+02 9.047094726562500000e+02
2.775249328613281250e+02 6.605804443359375000e+02
3.069559936523437500e+02 1.007807434082031250e+03
2.080053710937500000e+03 1.447305786132812500e+03
3.325021972656250000e+02 1.289670043945312500e+03
3.037478637695312500e+02 9.381230468750000000e+02
3.532666625976562500e+02 1.629618530273437500e+03
3.079852600097656250e+02 9.660832519531250000e+02
2.775552978515625000e+02 5.944297485351562500e+02
3.556224670410156250e+02 1.668990234375000000e+03
2.849521789550781250e+02 6.578020019531250000e+02
3.110996704101562500e+02 9.777423095703125000e+02
3.094301147460937500e+02 9.497980346679687500e+02
2.805932006835937500e+02 5.833041381835937500e+02
3.592563781738281250e+02 1.643087158203125000e+03
2.827161560058593750e+02 6.181464233398437500e+02
3.516893615722656250e+02 1.513511962890625000e+03
3.112255249023437500e+02 9.200892944335937500e+02
2.971390380859375000e+02 7.863126831054687500e+02
2.859693603515625000e+02 6.022771606445312500e+02
2.983695068359375000e+02 7.722038574218750000e+02
3.005636596679687500e+02 7.910366210937500000e+02
3.121766357421875000e+02 8.939462280273437500e+02
3.211283264160156250e+02 1.016988708496093750e+03
3.582575073242187500e+02 1.484223754882812500e+03
2.916796875000000000e+02 6.358383789062500000e+02
2.988179016113281250e+02 7.227357177734375000e+02
2.957940063476562500e+02 6.565083618164062500e+02
2.872163085937500000e+02 5.469945678710937500e+02
3.455888366699218750e+02 1.426200073242187500e+03
3.286524047851562500e+02 1.051150024414062500e+03
3.279614868164062500e+02 1.081191162109375000e+03
3.252120971679687500e+02 9.878426513671875000e+02
3.650697021484375000e+02 1.564163818359375000e+03
3.058434448242187500e+02 7.483320312500000000e+02
2.678908081054687500e+02 4.011241760253906250e+02
3.598094177246093750e+02 1.375880981445312500e+03
3.391218261718750000e+02 1.093142578125000000e+03
3.754100646972656250e+02 1.645423828125000000e+03
3.116903686523437500e+02 7.765924072265625000e+02
3.491066284179687500e+02 1.214115234375000000e+03
3.774669189453125000e+02 1.662238647460937500e+03
3.327867736816406250e+02 9.781696166992187500e+02
2.735223693847656250e+02 3.967700195312500000e+02
3.392842102050781250e+02 1.029634765625000000e+03
2.990783691406250000e+02 5.432356567382812500e+02
3.079223937988281250e+02 6.330242919921875000e+02
3.373303527832031250e+02 1.014609558105468750e+03
3.567323608398437500e+02 1.215218383789062500e+03
3.747567138671875000e+02 1.482721191406250000e+03
3.039522705078125000e+02 5.134157104492187500e+02
3.031781311035156250e+02 4.919509582519531250e+02
3.031781311035156250e+02 4.919509582519531250e+02
3.401884460449218750e+02 9.597949829101562500e+02
3.828928833007812500e+02 1.570182983398437500e+03
3.848529052734375000e+02 1.586537475585937500e+03
3.838857421875000000e+02 1.600439453125000000e+03
3.137876281738281250e+02 5.954071655273437500e+02
3.124977722167968750e+02 5.836466674804687500e+02
2.850102844238281250e+02 4.143658447265625000e+02
3.279891052246093750e+02 7.845505371093750000e+02
3.761031188964843750e+02 1.389695434570312500e+03
3.128398437500000000e+02 5.447342529296875000e+02
3.638451843261718750e+02 1.157818603515625000e+03
3.876232910156250000e+02 1.510331298828125000e+03
3.388721313476562500e+02 8.194884643554687500e+02
2.908959045410156250e+02 4.062223205566406250e+02
3.858016967773437500e+02 1.412192504882812500e+03
3.314543762207031250e+02 7.108961791992187500e+02
3.779166870117187500e+02 1.269990722656250000e+03
3.979573669433593750e+02 1.623507324218750000e+03
3.600689392089843750e+02 1.025080566406250000e+03
3.888286132812500000e+02 1.424078247070312500e+03
3.213800964355468750e+02 5.402095336914062500e+02
3.355618896484375000e+02 7.436582641601562500e+02
3.502596740722656250e+02 8.638369750976562500e+02
3.464393615722656250e+02 8.425875854492187500e+02
3.788371887207031250e+02 1.254093383789062500e+03
3.352247619628906250e+02 7.123646850585937500e+02
3.809013977050781250e+02 1.199651245117187500e+03
3.902122192382812500e+02 1.317107666015625000e+03
3.426287231445312500e+02 6.937008056640625000e+02
3.861053771972656250e+02 1.265161987304687500e+03
3.696972961425781250e+02 1.039881591796875000e+03
3.545566406250000000e+02 8.482948608398437500e+02
3.411007385253906250e+02 6.502542724609375000e+02
3.646042480468750000e+02 9.105496826171875000e+02
4.113152465820312500e+02 1.614081176757812500e+03
3.948259582519531250e+02 1.286618286132812500e+03
4.004212341308593750e+02 1.375871093750000000e+03
3.329414672851562500e+02 5.060394592285156250e+02
3.470461730957031250e+02 6.731713256835937500e+02
3.378933410644531250e+02 5.441742553710937500e+02
4.016759033203125000e+02 1.347773193359375000e+03
3.261749267578125000e+02 4.477375793457031250e+02
4.121126708984375000e+02 1.523586669921875000e+03
3.955045166015625000e+02 1.228287475585937500e+03
4.016043090820312500e+02 1.329991455078125000e+03
3.752469482421875000e+02 9.522769165039062500e+02
4.028090209960937500e+02 1.335027221679687500e+03
4.030399475097656250e+02 1.278776489257812500e+03
3.537176818847656250e+02 6.847996826171875000e+02
4.050292968750000000e+02 1.311346801757812500e+03
4.050292968750000000e+02 1.311346801757812500e+03
3.711352233886718750e+02 8.705480957031250000e+02
3.958855590820312500e+02 1.162367675781250000e+03
1.406809814453125000e+03 1.479600830078125000e+03
3.499318237304687500e+02 5.503917846679687500e+02
4.139797058105468750e+02 1.357799682617187500e+03
3.802467956542968750e+02 9.045236206054687500e+02
3.501434936523437500e+02 5.436640625000000000e+02
4.052243347167968750e+02 1.234363281250000000e+03
4.338984375000000000e+02 1.710342895507812500e+03
4.043982543945312500e+02 1.194337158203125000e+03
4.110563049316406250e+02 1.289845947265625000e+03
4.039042358398437500e+02 1.200477905273437500e+03
4.055836181640625000e+02 1.204292724609375000e+03
3.677778625488281250e+02 6.895039062500000000e+02
3.866239624023437500e+02 8.994794311523437500e+02
4.182350158691406250e+02 1.295316406250000000e+03
3.853006896972656250e+02 8.591705932617187500e+02
4.422688293457031250e+02 1.685957641601562500e+03
3.942858886718750000e+02 9.428751831054687500e+02
4.222784118652343750e+02 1.276641479492187500e+03
4.357335510253906250e+02 1.512418823242187500e+03
4.115077819824218750e+02 1.116078002929687500e+03
4.235449523925781250e+02 1.255952270507812500e+03
4.264532775878906250e+02 1.283759521484375000e+03
4.264532775878906250e+02 1.283759521484375000e+03
4.247702636718750000e+02 1.270244873046875000e+03
3.965331726074218750e+02 9.009961547851562500e+02
3.730530395507812500e+02 5.641973876953125000e+02
4.381944580078125000e+02 1.437278808593750000e+03
4.082863159179687500e+02 1.021578186035156250e+03
3.871412963867187500e+02 7.567875976562500000e+02
4.393839416503906250e+02 1.427060058593750000e+03
4.103987426757812500e+02 1.007227844238281250e+03
4.182684631347656250e+02 1.118860351562500000e+03
4.244071655273437500e+02 1.162398803710937500e+03
4.191248168945312500e+02 1.101178588867187500e+03
3.833278198242187500e+02 6.117901000976562500e+02
4.386122741699218750e+02 1.314325805664062500e+03
1.852178222656250000e+03 1.739271850585937500e+03
4.264637145996093750e+02 1.111859863281250000e+03
4.281647033691406250e+02 1.122169433593750000e+03
4.640490722656250000e+02 1.680726318359375000e+03
3.977752075195312500e+02 7.428460693359375000e+02
4.620800170898437500e+02 1.583925415039062500e+03
4.057712097167968750e+02 8.193014526367187500e+02
4.249113464355468750e+02 1.063208251953125000e+03
4.477417907714843750e+02 1.346072998046875000e+03
4.572424316406250000e+02 1.535330566406250000e+03
4.688621520996093750e+02 1.694658325195312500e+03
4.329892883300781250e+02 1.122372680664062500e+03
4.331857299804687500e+02 1.117110595703125000e+03
4.135302124023437500e+02 8.864549560546875000e+02
3.955054321289062500e+02 6.397454223632812500e+02
4.534238281250000000e+02 1.459696289062500000e+03
4.323272399902343750e+02 1.089132690429687500e+03
3.980233764648437500e+02 6.949460449218750000e+02
3.853536987304687500e+02 4.729191284179687500e+02
4.210455627441406250e+02 9.516757202148437500e+02
4.306213378906250000e+02 1.015848327636718750e+03
4.448016967773437500e+02 1.232596923828125000e+03
3.875530395507812500e+02 4.621658935546875000e+02
3.887074584960937500e+02 4.754576110839843750e+02
3.957922363281250000e+02 5.861386718750000000e+02
4.480478515625000000e+02 1.237080078125000000e+03
4.582631225585937500e+02 1.359147460937500000e+03
4.344147644042968750e+02 1.041244018554687500e+03
4.207679748535156250e+02 8.518881835937500000e+02
4.043017272949218750e+02 6.311744995117187500e+02
3.993906555175781250e+02 5.366596069335937500e+02
3.940265808105468750e+02 4.600244445800781250e+02
4.026897583007812500e+02 5.995844726562500000e+02
4.639430236816406250e+02 1.394737304687500000e+03
3.941433410644531250e+02 4.729021911621093750e+02
4.318107299804687500e+02 9.455256958007812500e+02
4.418177185058593750e+02 1.079217651367187500e+03
4.256978759765625000e+02 8.591482543945312500e+02
4.425681762695312500e+02 1.069186401367187500e+03
4.669292907714843750e+02 1.399276977539062500e+03
4.336862792968750000e+02 9.606599121093750000e+02
4.125848999023437500e+02 6.943811645507812500e+02
4.820181579589843750e+02 1.670593505859375000e+03
4.395714721679687500e+02 9.899586181640625000e+02
4.188083190917968750e+02 7.601028442382812500e+02
4.911258850097656250e+02 1.697778076171875000e+03
4.404543457031250000e+02 9.579867553710937500e+02
4.180283813476562500e+02 6.600675048828125000e+02
1.160106353759765625e+02 7.666209106445312500e+02
4.889166259765625000e+02 1.652061889648437500e+03
4.245167236328125000e+02 7.266321411132812500e+02
4.451299438476562500e+02 9.500106811523437500e+02
4.169201049804687500e+02 5.937424316406250000e+02
4.426330566406250000e+02 9.408379516601562500e+02
4.586561584472656250e+02 1.112093383789062500e+03
4.651647949218750000e+02 1.187338500976562500e+03
4.280242614746093750e+02 7.287566528320312500e+02
4.220519714355468750e+02 6.111246948242187500e+02
4.957915954589843750e+02 1.650035156250000000e+03
4.186575927734375000e+02 5.512099609375000000e+02
4.951208190917968750e+02 1.616630737304687500e+03
4.830810546875000000e+02 1.358042724609375000e+03
4.714994812011718750e+02 1.199680053710937500e+03
4.281134643554687500e+02 6.010288696289062500e+02
4.173259277343750000e+02 4.369836730957031250e+02
4.471340637207031250e+02 8.237457885742187500e+02
4.295484008789062500e+02 6.110579223632812500e+02
5.013411865234375000e+02 1.634471923828125000e+03
4.285663146972656250e+02 5.711833496093750000e+02
4.314711914062500000e+02 6.330678710937500000e+02
4.304358215332031250e+02 5.490488281250000000e+02
4.580439147949218750e+02 9.337341308593750000e+02
4.378458251953125000e+02 6.486218261718750000e+02
4.768543701171875000e+02 1.147713989257812500e+03
4.369194335937500000e+02 6.141710205078125000e+02
5.077768554687500000e+02 1.597668945312500000e+03
4.820617065429687500e+02 1.175768554687500000e+03
5.003530273437500000e+02 1.435670776367187500e+03
5.162108154296875000e+02 1.702167846679687500e+03
4.379303588867187500e+02 5.552764892578125000e+02
4.307281494140625000e+02 4.290483398437500000e+02
4.548681640625000000e+02 8.036726684570312500e+02
4.378609924316406250e+02 5.665370483398437500e+02
5.017768249511718750e+02 1.371732543945312500e+03
4.541289062500000000e+02 7.724680786132812500e+02
4.835625000000000000e+02 1.105897094726562500e+03
4.713175354003906250e+02 9.242356567382812500e+02
2.418930664062500000e+03 8.339715576171875000e+02
5.062950134277343750e+02 1.388404663085937500e+03
5.049017944335937500e+02 1.316081909179687500e+03
5.201726074218750000e+02 1.626540893554687500e+03
5.051634826660156250e+02 1.346332153320312500e+03
5.046755065917968750e+02 1.320098510742187500e+03
4.509077758789062500e+02 6.021534423828125000e+02
2.413979003906250000e+03 8.481218872070312500e+02
5.108919067382812500e+02 1.375425048828125000e+03
4.862968139648437500e+02 1.027152709960937500e+03
4.858920593261718750e+02 1.020625488281250000e+03
5.218760375976562500e+02 1.544272705078125000e+03
5.218760375976562500e+02 1.544272705078125000e+03
4.946854858398437500e+02 1.140925415039062500e+03
4.946854858398437500e+02 1.140925415039062500e+03
5.240316772460937500e+02 1.612614746093750000e+03
4.701477050781250000e+02 7.893433837890625000e+02
4.889297180175781250e+02 1.010292724609375000e+03
4.980079345703125000e+02 1.110483764648437500e+03
5.088222656250000000e+02 1.259188964843750000e+03
5.280960693359375000e+02 1.596652709960937500e+03
4.706717834472656250e+02 7.783767700195312500e+02
4.706717834472656250e+02 7.783767700195312500e+02
4.942236633300781250e+02 1.017951782226562500e+03
5.195572509765625000e+02 1.373799926757812500e+03
1.407855102539062500e+03 1.134682250976562500e+03
4.995098571777343750e+02 1.022392700195312500e+03
5.196300659179687500e+02 1.308060791015625000e+03
5.068311462402343750e+02 1.132154541015625000e+03
4.981037292480468750e+02 1.030139404296875000e+03
4.982839050292968750e+02 1.011443725585937500e+03
4.701527404785156250e+02 6.190690307617187500e+02
5.348518066406250000e+02 1.486021240234375000e+03
5.268839721679687500e+02 1.370648437500000000e+03
5.353419799804687500e+02 1.512309692382812500e+03
3.166088562011718750e+02 8.004295043945312500e+02
4.593890686035156250e+02 4.298787231445312500e+02
4.779972534179687500e+02 7.321536865234375000e+02
5.225874023437500000e+02 1.276207763671875000e+03
5.448544921875000000e+02 1.650157226562500000e+03
5.440280151367187500e+02 1.579212158203125000e+03
4.631427917480468750e+02 4.410866699218750000e+02
4.906952514648437500e+02 6.578627929687500000e+02
5.374040527343750000e+02 1.398586669921875000e+03
5.487945556640625000e+02 1.611034423828125000e+03
5.512229614257812500e+02 1.638562744140625000e+03
5.349190063476562500e+02 1.322584106445312500e+03
5.399203491210937500e+02 1.410129028320312500e+03
5.528675537109375000e+02 1.576604736328125000e+03
5.446959228515625000e+02 1.418521118164062500e+03
5.185587768554687500e+02 1.054677124023437500e+03
5.524570312500000000e+02 1.506374511718750000e+03
5.317280273437500000e+02 1.222964843750000000e+03
5.316096191406250000e+02 1.205380126953125000e+03
5.340092773437500000e+02 1.238992431640625000e+03
4.783732604980468750e+02 4.249690246582031250e+02
5.302227172851562500e+02 1.121678222656250000e+03
6.726109008789062500e+02 4.084244689941406250e+02
5.486362304687500000e+02 1.377484863281250000e+03
5.590010375976562500e+02 1.562177368164062500e+03
5.447717285156250000e+02 1.316304443359375000e+03
5.585241088867187500e+02 1.571383178710937500e+03
5.283405761718750000e+02 1.059629516601562500e+03
5.604503784179687500e+02 1.513297363281250000e+03
5.560307617187500000e+02 1.427104370117187500e+03
5.552077026367187500e+02 1.374024414062500000e+03
5.242108154296875000e+02 9.782539062500000000e+02
5.545941162109375000e+02 1.340819580078125000e+03
5.370632934570312500e+02 1.077305419921875000e+03
5.087568054199218750e+02 7.124386596679687500e+02
5.684671020507812500e+02 1.503460083007812500e+03
5.319240722656250000e+02 9.633071289062500000e+02
5.499673461914062500e+02 1.213612915039062500e+03
5.249260253906250000e+02 8.671740112304687500e+02
5.121262207031250000e+02 7.187061157226562500e+02
5.249260253906250000e+02 8.671740112304687500e+02
5.463128051757812500e+02 1.113094238281250000e+03
5.747532958984375000e+02 1.570159790039062500e+03
1.792592926025390625e+02 7.199862670898437500e+02
5.300626220703125000e+02 8.537453613281250000e+02
5.540290527343750000e+02 1.152621582031250000e+03
5.675614624023437500e+02 1.342233398437500000e+03
5.550014038085937500e+02 1.156219726562500000e+03
5.105910339355468750e+02 5.258565063476562500e+02
5.131385498046875000e+02 5.605405273437500000e+02
5.657756958007812500e+02 1.308961914062500000e+03
5.216954956054687500e+02 7.551554565429687500e+02
5.591848144531250000e+02 1.186368530273437500e+03
5.531770019531250000e+02 1.103059326171875000e+03
5.031686096191406250e+02 4.138752136230468750e+02
5.805249023437500000e+02 1.454579223632812500e+03
5.916008300781250000e+02 1.620321044921875000e+03
5.931629028320312500e+02 1.594062255859375000e+03
5.515916748046875000e+02 9.646456298828125000e+02
5.526589965820312500e+02 9.937844238281250000e+02
5.927291870117187500e+02 1.571953613281250000e+03
5.528741455078125000e+02 9.850189819335937500e+02
5.699407958984375000e+02 1.177891113281250000e+03
5.787847900390625000e+02 1.286231079101562500e+03
5.599146118164062500e+02 1.031820678710937500e+03
5.436666259765625000e+02 7.967166748046875000e+02
6.015042114257812500e+02 1.624848876953125000e+03
5.689952392578125000e+02 1.086139770507812500e+03
5.290426025390625000e+02 5.051077575683593750e+02
5.263766479492187500e+02 4.513584899902343750e+02
5.263766479492187500e+02 4.513584899902343750e+02
5.825090942382812500e+02 1.249363525390625000e+03
5.825736083984375000e+02 1.241300781250000000e+03
5.805640869140625000e+02 1.190674316406250000e+03
6.060645751953125000e+02 1.610699218750000000e+03
6.092558593750000000e+02 1.621609130859375000e+03
5.872575683593750000e+02 1.222844360351562500e+03
6.147293701171875000e+02 1.633998168945312500e+03
6.140186157226562500e+02 1.627205200195312500e+03
5.400694580078125000e+02 5.121842041015625000e+02
5.366377563476562500e+02 4.233208923339843750e+02
6.184660034179687500e+02 1.619506225585937500e+03
5.978488159179687500e+02 1.241700317382812500e+03
5.930645141601562500e+02 1.180524047851562500e+03
5.993118896484375000e+02 1.255777954101562500e+03
5.813378295898437500e+02 9.954396972656250000e+02
5.968400268554687500e+02 1.205931274414062500e+03
6.227080688476562500e+02 1.605724853515625000e+03
6.227080688476562500e+02 1.605724853515625000e+03
5.470292358398437500e+02 4.593432006835937500e+02
6.228395996093750000e+02 1.588997558593750000e+03
6.051595458984375000e+02 1.267354125976562500e+03
5.772433471679687500e+02 1.009354431152343750e+03
5.918719482421875000e+02 1.044296142578125000e+03
1.590695678710937500e+03 1.599532714843750000e+03
6.306493530273437500e+02 1.638512451171875000e+03
5.669165039062500000e+02 6.120096435546875000e+02
5.124411010742187500e+02 6.047861938476562500e+02
5.566856689453125000e+02 4.320958557128906250e+02
5.574318237304687500e+02 4.208568420410156250e+02
6.036590576171875000e+02 1.074049194335937500e+03
6.048363647460937500e+02 9.866519165039062500e+02
6.183056640625000000e+02 1.106432128906250000e+03
6.352770385742187500e+02 1.201031250000000000e+03
6.192927246093750000e+02 9.691350097656250000e+02
6.395814819335937500e+02 1.250456054687500000e+03
6.646235351562500000e+02 1.615383666992187500e+03
5.917029418945312500e+02 5.210107421875000000e+02
6.400339965820312500e+02 1.276165893554687500e+03
6.074705200195312500e+02 7.428264770507812500e+02
4.971885070800781250e+02 9.487603149414062500e+02
6.265029296875000000e+02 9.718928833007812500e+02
6.622277221679687500e+02 1.507657958984375000e+03
6.732797851562500000e+02 1.652303344726562500e+03
6.336922607421875000e+02 1.023186523437500000e+03
6.466091918945312500e+02 1.193783935546875000e+03
6.126169433593750000e+02 6.707052001953125000e+02
6.811105957031250000e+02 1.678431884765625000e+03
6.723319702148437500e+02 1.549721679687500000e+03
6.387741699218750000e+02 1.047372680664062500e+03
6.133635253906250000e+02 7.175635986328125000e+02
6.320263061523437500e+02 3.236456298828125000e+02
6.754086914062500000e+02 1.517467163085937500e+03
6.801773681640625000e+02 1.541337036132812500e+03
6.801773681640625000e+02 1.541337036132812500e+03
6.223081665039062500e+02 6.820419921875000000e+02
6.916890869140625000e+02 1.680716308593750000e+03
6.698878173828125000e+02 1.293677368164062500e+03
6.527785644531250000e+02 1.054757568359375000e+03
6.813648071289062500e+02 1.487302734375000000e+03
6.644890136718750000e+02 1.156567993164062500e+03
6.968129882812500000e+02 1.670716918945312500e+03
6.762320556640625000e+02 1.334383544921875000e+03
6.609800415039062500e+02 1.073890625000000000e+03
6.601912231445312500e+02 1.063628173828125000e+03
6.957358398437500000e+02 1.566547485351562500e+03
6.662463378906250000e+02 1.069804443359375000e+03
6.816082763671875000e+02 1.294151489257812500e+03
6.591741333007812500e+02 9.581602172851562500e+02
6.999971923828125000e+02 1.555767089843750000e+03
6.849310302734375000e+02 1.296564453125000000e+03
6.833310546875000000e+02 1.281786987304687500e+03
6.630803833007812500e+02 9.871813964843750000e+02
6.306331787109375000e+02 4.100156860351562500e+02
6.965872802734375000e+02 1.471080200195312500e+03
7.027930297851562500e+02 1.523310913085937500e+03
2.089013427734375000e+03 1.222117675781250000e+03
6.320151977539062500e+02 4.118836669921875000e+02
6.497252807617187500e+02 7.327805786132812500e+02
6.913784790039062500e+02 1.306232055664062500e+03
7.017059936523437500e+02 1.494036987304687500e+03
7.111327514648437500e+02 1.584698364257812500e+03
6.320263061523437500e+02 3.236456298828125000e+02
7.089923095703125000e+02 1.538206176757812500e+03
7.080790405273437500e+02 1.530081787109375000e+03
6.387287597656250000e+02 4.073367309570312500e+02
7.134924316406250000e+02 1.561924926757812500e+03
6.950589599609375000e+02 1.207065551757812500e+03
7.068070068359375000e+02 1.351502563476562500e+03
5.282787475585937500e+02 9.949953613281250000e+02
6.959942016601562500e+02 1.095814331054687500e+03
1.824072631835937500e+03 1.020010437011718750e+03
7.083888549804687500e+02 1.242508178710937500e+03
7.083888549804687500e+02 1.242508178710937500e+03
7.336439819335937500e+02 1.599453369140625000e+03
7.336439819335937500e+02 1.599453369140625000e+03
7.177244262695312500e+02 1.346934326171875000e+03
7.141757812500000000e+02 1.271874755859375000e+03
7.188495483398437500e+02 1.296826049804687500e+03
6.734053344726562500e+02 5.737398681640625000e+02
7.172103271484375000e+02 1.257894042968750000e+03
7.461638183593750000e+02 1.676922485351562500e+03
6.793811645507812500e+02 6.524804077148437500e+02
6.824723510742187500e+02 5.241092529296875000e+02
7.117654418945312500e+02 1.078323242187500000e+03
6.793706665039062500e+02 5.431557006835937500e+02
7.489204101562500000e+02 1.619548339843750000e+03
7.498796997070312500e+02 1.653850952148437500e+03
7.313159179687500000e+02 1.329067749023437500e+03
6.726109008789062500e+02 4.084244689941406250e+02
7.343376464843750000e+02 1.320603271484375000e+03
7.295215454101562500e+02 1.276731933593750000e+03
2.009204711914062500e+03 1.385995605468750000e+03
7.305474853515625000e+02 1.224739135742187500e+03
7.283225097656250000e+02 1.037901367187500000e+03
7.050588989257812500e+02 7.857201538085937500e+02
4.411481475830078125e+01 2.701097412109375000e+02
7.334047851562500000e+02 1.182958129882812500e+03
7.282172241210937500e+02 1.090210937500000000e+03
6.793863525390625000e+02 2.584867858886718750e+02
7.310346679687500000e+02 1.099134033203125000e+03
7.492939453125000000e+02 1.382056518554687500e+03
7.522813720703125000e+02 1.392190429687500000e+03
7.626666259765625000e+02 1.545839477539062500e+03
7.460181884765625000e+02 1.289440185546875000e+03
7.377141723632812500e+02 1.134269287109375000e+03
7.069940795898437500e+02 5.875899047851562500e+02
7.486512451171875000e+02 1.248578491210937500e+03
7.573213500976562500e+02 1.371093261718750000e+03
7.498240966796875000e+02 1.224686767578125000e+03
7.415569458007812500e+02 1.099010009765625000e+03
7.415569458007812500e+02 1.099010009765625000e+03
7.432136840820312500e+02 1.103801025390625000e+03
7.747260742187500000e+02 1.546434570312500000e+03
7.810045166015625000e+02 1.586312255859375000e+03
7.826036376953125000e+02 1.601922851562500000e+03
7.596233520507812500e+02 1.211722900390625000e+03
7.582684326171875000e+02 1.175203247070312500e+03
7.596233520507812500e+02 1.211722900390625000e+03
7.578986206054687500e+02 1.183506958007812500e+03
7.479346313476562500e+02 9.930233764648437500e+02
7.609810791015625000e+02 1.219762939453125000e+03
7.545553588867187500e+02 1.094022583007812500e+03
7.789252929687500000e+02 1.488128417968750000e+03
7.797711791992187500e+02 1.506943847656250000e+03
7.818275756835937500e+02 1.516085693359375000e+03
7.706411132812500000e+02 1.301679321289062500e+03
7.546970214843750000e+02 1.080684326171875000e+03
7.142459716796875000e+02 3.689631652832031250e+02
7.864701538085937500e+02 1.541192016601562500e+03
7.545125732421875000e+02 1.004808959960937500e+03
7.643402099609375000e+02 1.153324218750000000e+03
7.643402099609375000e+02 1.153324218750000000e+03
7.573365478515625000e+02 1.023283996582031250e+03
7.573365478515625000e+02 1.023283996582031250e+03
7.752973022460937500e+02 1.283428955078125000e+03
7.598131713867187500e+02 9.971078491210937500e+02
8.960501098632812500e+02 8.652895507812500000e+02
7.777001342773437500e+02 1.247982299804687500e+03
7.651429443359375000e+02 1.069001953125000000e+03
7.920703735351562500e+02 1.520344848632812500e+03
7.848367309570312500e+02 1.365935180664062500e+03
7.759332885742187500e+02 1.170071289062500000e+03
7.759332885742187500e+02 1.170071289062500000e+03
7.972714233398437500e+02 1.502279663085937500e+03
7.804240722656250000e+02 1.179272460937500000e+03
7.871625366210937500e+02 1.263851440429687500e+03
7.747289428710937500e+02 1.023966979980468750e+03
7.943344726562500000e+02 1.366155273437500000e+03
7.943344726562500000e+02 1.366155273437500000e+03
7.787767944335937500e+02 1.070673583984375000e+03
7.787767944335937500e+02 1.070673583984375000e+03
2.330609130859375000e+03 5.072602539062500000e+02
7.974226074218750000e+02 1.350646240234375000e+03
7.957100219726562500e+02 1.335938354492187500e+03
7.944167480468750000e+02 1.318816772460937500e+03
7.880888671875000000e+02 1.176144165039062500e+03
7.904832763671875000e+02 1.203002807617187500e+03
7.974588623046875000e+02 1.173995605468750000e+03
7.900864257812500000e+02 1.061303833007812500e+03
7.861027221679687500e+02 9.618664550781250000e+02
8.249749755859375000e+02 1.578242553710937500e+03
1.203121185302734375e+02 1.673425048828125000e+03
8.131719970703125000e+02 1.363488891601562500e+03
8.016411743164062500e+02 1.139246704101562500e+03
1.791383422851562500e+03 1.328631347656250000e+03
8.172886962890625000e+02 1.366260864257812500e+03
9.099730224609375000e+02 1.994163696289062500e+03
8.004430541992187500e+02 1.050661376953125000e+03
8.285949707031250000e+02 1.527585205078125000e+03
8.377152709960937500e+02 1.582353759765625000e+03
8.085390625000000000e+02 1.042490844726562500e+03
8.370822143554687500e+02 1.510506469726562500e+03
8.143562622070312500e+02 1.062948852539062500e+03
8.412877197265625000e+02 1.531353759765625000e+03
8.215396118164062500e+02 1.137054809570312500e+03
8.508338012695312500e+02 1.567967041015625000e+03
8.264713134765625000e+02 1.118925903320312500e+03
8.300469360351562500e+02 1.199035522460937500e+03
8.388342285156250000e+02 1.374441650390625000e+03
8.502858886718750000e+02 1.517353515625000000e+03
8.353735351562500000e+02 1.223244018554687500e+03
5.813378295898437500e+02 9.954396972656250000e+02
8.616431274414062500e+02 1.625963867187500000e+03
8.526344604492187500e+02 1.530187377929687500e+03
8.589410400390625000e+02 1.593294677734375000e+03
8.472282104492187500e+02 1.386635620117187500e+03
8.616458740234375000e+02 1.565621093750000000e+03
8.381066894531250000e+02 1.127440063476562500e+03
8.469920654296875000e+02 1.223978759765625000e+03
1.302267822265625000e+03 1.053008178710937500e+03
8.735825195312500000e+02 1.635309570312500000e+03
8.762059326171875000e+02 1.643743286132812500e+03
8.719033813476562500e+02 1.544555175781250000e+03
8.798681640625000000e+02 1.649118896484375000e+03
8.508115234375000000e+02 1.151729614257812500e+03
8.578070678710937500e+02 1.212511230468750000e+03
8.560017089843750000e+02 1.106470458984375000e+03
8.553268432617187500e+02 9.904459228515625000e+02
8.680220947265625000e+02 1.242714843750000000e+03
8.843020629882812500e+02 1.548590087890625000e+03
8.061392822265625000e+02 1.344044555664062500e+03
8.651502075195312500e+02 1.074326538085937500e+03
8.679545288085937500e+02 1.079564453125000000e+03
8.937932128906250000e+02 1.525177612304687500e+03
8.624566650390625000e+02 9.884889526367187500e+02
8.959683837890625000e+02 1.534483276367187500e+03
8.655385742187500000e+02 9.997055664062500000e+02
9.047564086914062500e+02 1.657541381835937500e+03
8.205827636718750000e+02 3.171138610839843750e+02
8.735825195312500000e+02 1.635309570312500000e+03
9.100584106445312500e+02 1.684238159179687500e+03
6.921734619140625000e+02 5.164423828125000000e+02
8.830962524414062500e+02 1.153936645507812500e+03
8.698692016601562500e+02 9.616271362304687500e+02
8.779389038085937500e+02 1.062944091796875000e+03
8.845390014648437500e+02 1.072213867187500000e+03
8.724487304687500000e+02 9.158390502929687500e+02
9.200881958007812500e+02 1.680751953125000000e+03
8.898847045898437500e+02 1.099527709960937500e+03
8.973620605468750000e+02 1.203676391601562500e+03
8.990094604492187500e+02 1.256335815429687500e+03
9.239651489257812500e+02 1.641005371093750000e+03
2.573692871093750000e+03 1.544244262695312500e+03
9.005252075195312500e+02 1.101126953125000000e+03
8.944643554687500000e+02 1.002096313476562500e+03
9.306738281250000000e+02 1.572984130859375000e+03
9.001853637695312500e+02 1.075697998046875000e+03
8.979556884765625000e+02 9.751171264648437500e+02
9.398887329101562500e+02 1.687831420898437500e+03
1.313445678710937500e+03 2.092660156250000000e+03
9.376914672851562500e+02 1.643031738281250000e+03
1.148520629882812500e+03 2.072853027343750000e+03
9.085515747070312500e+02 1.110589599609375000e+03
9.093460693359375000e+02 1.118070678710937500e+03
9.041771240234375000e+02 1.006431823730468750e+03
9.052639160156250000e+02 1.042488281250000000e+03
9.424696655273437500e+02 1.662131347656250000e+03
9.163486328125000000e+02 1.175587524414062500e+03
9.179772949218750000e+02 1.199652709960937500e+03
5.755733032226562500e+02 3.496647338867187500e+02
9.151067504882812500e+02 1.099619995117187500e+03
9.418767089843750000e+02 1.575403686523437500e+03
9.099447021484375000e+02 9.794925537109375000e+02
9.501599731445312500e+02 1.667499267578125000e+03
9.440969848632812500e+02 1.569564208984375000e+03
9.500915527343750000e+02 1.624348999023437500e+03
9.500915527343750000e+02 1.624348999023437500e+03
9.499074096679687500e+02 1.556997314453125000e+03
9.249979248046875000e+02 1.056403808593750000e+03
9.484569702148437500e+02 1.457110473632812500e+03
9.412056884765625000e+02 1.197777954101562500e+03
9.341627807617187500e+02 1.076615356445312500e+03
9.400557250976562500e+02 1.102700683593750000e+03
9.319273681640625000e+02 9.415821533203125000e+02
9.783635864257812500e+02 1.678011718750000000e+03
9.516366577148437500e+02 1.084244628906250000e+03
9.561098632812500000e+02 1.118346801757812500e+03
9.873659667968750000e+02 1.682101440429687500e+03
9.884130859375000000e+02 1.641442749023437500e+03
2.507625732421875000e+03 1.144823730468750000e+03
1.620381225585937500e+03 1.254561279296875000e+03
1.000028625488281250e+03 1.656180053710937500e+03
9.673436889648437500e+02 1.063706054687500000e+03
9.778443603515625000e+02 1.078943725585937500e+03
1.014551513671875000e+03 1.608781005859375000e+03
7.704150390625000000e+02 1.219839111328125000e+03
1.325745605468750000e+03 1.659788574218750000e+03
1.024516113281250000e+03 1.666388671875000000e+03
7.981455993652343750e+01 1.314185302734375000e+03
1.041405029296875000e+03 1.682887329101562500e+03
7.509870910644531250e+01 3.161440429687500000e+02
1.013027465820312500e+03 1.059572265625000000e+03
1.495651123046875000e+03 1.963903320312500000e+03
9.883111572265625000e+02 4.665531005859375000e+02
2.298556152343750000e+03 1.223126953125000000e+03
1.543319213867187500e+03 1.655978393554687500e+03
9.958922119140625000e+02 4.554660034179687500e+02
1.060591186523437500e+03 1.037379760742187500e+03
2.533366943359375000e+03 1.249811157226562500e+03
2.089013427734375000e+03 1.222117675781250000e+03
1.068208374023437500e+03 1.087908081054687500e+03
1.069681640625000000e+03 1.054577758789062500e+03
1.039752563476562500e+03 5.493586425781250000e+02
1.102087280273437500e+03 1.402067504882812500e+03
1.121176071166992188e+02 7.648938598632812500e+02
1.096276123046875000e+03 1.004036743164062500e+03
1.105182128906250000e+03 1.012384399414062500e+03
2.233919189453125000e+03 1.185401733398437500e+03
1.089364501953125000e+03 6.160277709960937500e+02
1.147806640625000000e+03 9.959540405273437500e+02
1.596070556640625000e+03 1.261432861328125000e+03
1.596070556640625000e+03 1.261432861328125000e+03
1.119438598632812500e+03 5.947012939453125000e+02
1.124722290039062500e+03 5.029767150878906250e+02
7.589041137695312500e+02 1.573553955078125000e+03
1.497842895507812500e+03 1.220372070312500000e+03
1.178051757812500000e+03 6.961640625000000000e+02
1.180335937500000000e+03 7.308483886718750000e+02
1.229477661132812500e+03 1.116747436523437500e+03
1.229477661132812500e+03 1.116747436523437500e+03
1.193547485351562500e+03 6.221050415039062500e+02
1.197813842773437500e+03 6.881600341796875000e+02
1.214292846679687500e+03 7.714058227539062500e+02
9.630032348632812500e+02 1.939754150390625000e+03
1.122769042968750000e+03 1.009845642089843750e+03
1.216166625976562500e+03 5.761788330078125000e+02
4.754573669433593750e+02 1.479374633789062500e+03
2.424425537109375000e+03 5.469067382812500000e+02
1.236431274414062500e+03 6.372113647460937500e+02
1.236431274414062500e+03 6.372113647460937500e+02
8.958698120117187500e+02 1.562336914062500000e+03
1.274749511718750000e+03 1.061238037109375000e+03
1.245086181640625000e+03 8.273132324218750000e+02
1.332074951171875000e+03 2.023904418945312500e+03
1.285026733398437500e+03 1.048921997070312500e+03
1.285308105468750000e+03 9.619054565429687500e+02
1.294298583984375000e+03 1.003160156250000000e+03
1.302267822265625000e+03 1.053008178710937500e+03
6.153049926757812500e+02 2.529452972412109375e+02
1.312186401367187500e+03 1.018430114746093750e+03
1.359414550781250000e+03 1.650512817382812500e+03
1.362692382812500000e+03 1.659406127929687500e+03
1.317650390625000000e+03 9.910749511718750000e+02
1.317276245117187500e+03 9.811613159179687500e+02
1.374190673828125000e+03 1.679669921875000000e+03
1.329975952148437500e+03 1.011265136718750000e+03
1.295352172851562500e+03 5.262315063476562500e+02
1.338535522460937500e+03 1.070145507812500000e+03
1.379423950195312500e+03 1.638712280273437500e+03
1.349940063476562500e+03 1.066202636718750000e+03
1.349940063476562500e+03 1.066202636718750000e+03
1.354786499023437500e+03 1.125233154296875000e+03
1.395073242187500000e+03 1.643671875000000000e+03
1.359250732421875000e+03 1.077993896484375000e+03
1.840440979003906250e+02 1.784405395507812500e+03
1.371918212890625000e+03 1.243910644531250000e+03
1.401959106445312500e+03 1.644370849609375000e+03
1.400037109375000000e+03 1.624365478515625000e+03
1.414386230468750000e+03 1.665791992187500000e+03
1.389004394531250000e+03 1.313605590820312500e+03
1.337691894531250000e+03 6.081539306640625000e+02
1.425724975585937500e+03 1.672638549804687500e+03
1.425724975585937500e+03 1.672638549804687500e+03
1.423264648437500000e+03 1.622548461914062500e+03
1.383558227539062500e+03 1.021289794921875000e+03
1.410187133789062500e+03 1.389738769531250000e+03
1.431669311523437500e+03 1.633571533203125000e+03
1.410616455078125000e+03 1.367373046875000000e+03
5.305876541137695312e+01 7.193826904296875000e+02
1.414270263671875000e+03 1.402004760742187500e+03
1.440797729492187500e+03 1.660355468750000000e+03
1.393775756835937500e+03 1.046736083984375000e+03
1.383558227539062500e+03 1.021289794921875000e+03
1.454840209960937500e+03 1.602296997070312500e+03
1.909993896484375000e+03 1.955948242187500000e+03
1.467209228515625000e+03 1.653276489257812500e+03
1.467196411132812500e+03 1.474290283203125000e+03
1.494258544921875000e+03 1.641234375000000000e+03
1.428154663085937500e+03 7.268724365234375000e+02
1.482811645507812500e+03 1.303749511718750000e+03
1.442315917968750000e+03 7.181423339843750000e+02
1.398173339843750000e+03 1.098174072265625000e+03
1.525311889648437500e+03 1.667310058593750000e+03
1.463674804687500000e+03 8.476597900390625000e+02
1.467380249023437500e+03 7.111772460937500000e+02
1.472598510742187500e+03 7.240142211914062500e+02
2.411506835937500000e+03 1.506458374023437500e+03
1.503869262695312500e+03 8.925266113281250000e+02
1.571970581054687500e+03 1.677069824218750000e+03
1.532786987304687500e+03 1.295381958007812500e+03
1.535290039062500000e+03 1.253733398437500000e+03
1.503937622070312500e+03 7.169176635742187500e+02
1.516551513671875000e+03 6.985089721679687500e+02
1.557462158203125000e+03 1.292799072265625000e+03
1.934357788085937500e+03 1.806574462890625000e+03
2.690989746093750000e+03 1.209990844726562500e+03
1.586792358398437500e+03 1.362708374023437500e+03
1.587386596679687500e+03 1.258627807617187500e+03
1.587386596679687500e+03 1.258627807617187500e+03
1.654062988281250000e+03 1.648925170898437500e+03
1.600948608398437500e+03 1.251354492187500000e+03
1.640751098632812500e+03 1.464152343750000000e+03
1.648154785156250000e+03 1.473698608398437500e+03
1.657878173828125000e+03 1.534367675781250000e+03
2.707488098144531250e+02 1.667903442382812500e+03
1.631141601562500000e+03 1.284644775390625000e+03
1.636405395507812500e+03 1.299835693359375000e+03
4.025603942871093750e+02 8.727065429687500000e+02
1.641923706054687500e+03 1.276199462890625000e+03
1.674703369140625000e+03 1.553632568359375000e+03
5.532466506958007812e+01 2.599187316894531250e+02
1.643569213867187500e+03 1.265504028320312500e+03
1.684205078125000000e+03 1.526710449218750000e+03
1.683793579101562500e+03 1.453193725585937500e+03
2.130298095703125000e+03 1.577103759765625000e+03
1.661859741210937500e+03 1.267291992187500000e+03
1.687740966796875000e+03 1.459819702148437500e+03
2.074646728515625000e+03 1.451361816406250000e+03
7.405173950195312500e+02 1.236504882812500000e+03
1.714170410156250000e+03 1.610307006835937500e+03
1.702543945312500000e+03 1.450882812500000000e+03
2.115322509765625000e+03 2.039481933593750000e+03
1.657514160156250000e+03 8.045289916992187500e+02
1.714108886718750000e+03 1.475098022460937500e+03
1.688224975585937500e+03 1.241463989257812500e+03
1.693281372070312500e+03 1.263710327148437500e+03
1.702331542968750000e+03 1.272594238281250000e+03
1.736689086914062500e+03 1.513796752929687500e+03
1.719545288085937500e+03 1.295807128906250000e+03
1.744864501953125000e+03 1.498416259765625000e+03
1.721580566406250000e+03 1.273467651367187500e+03
1.723228027343750000e+03 1.267035644531250000e+03
1.730061889648437500e+03 1.256092407226562500e+03
1.369470214843750000e+03 1.122548339843750000e+03
1.766651367187500000e+03 1.516861694335937500e+03
1.767863769531250000e+03 1.489544799804687500e+03
1.405238891601562500e+03 1.341526000976562500e+03
1.750419189453125000e+03 1.264278076171875000e+03
1.751192749023437500e+03 1.254306884765625000e+03
1.732286621093750000e+03 9.685251464843750000e+02
1.753472656250000000e+03 1.275734130859375000e+03
1.783860107421875000e+03 1.514134277343750000e+03
1.754391357421875000e+03 1.240164794921875000e+03
1.731935424804687500e+03 8.903157348632812500e+02
1.789382324218750000e+03 1.515049072265625000e+03
1.763801513671875000e+03 1.275802001953125000e+03
1.761019409179687500e+03 1.268682495117187500e+03
2.461047119140625000e+03 7.382730102539062500e+02
1.771679565429687500e+03 1.278375854492187500e+03
1.775267944335937500e+03 1.260483886718750000e+03
1.763200805664062500e+03 9.317711181640625000e+02
7.265096282958984375e+01 5.711346435546875000e+02
1.815523925781250000e+03 1.506458007812500000e+03
1.818051879882812500e+03 1.492820800781250000e+03
1.818051879882812500e+03 1.492820800781250000e+03
1.792347534179687500e+03 1.250511352539062500e+03
1.803470825195312500e+03 1.382820556640625000e+03
1.805719360351562500e+03 1.260306152343750000e+03
1.790187500000000000e+03 9.920632324218750000e+02
1.795800048828125000e+03 1.103111572265625000e+03
1.813360839843750000e+03 1.261387207031250000e+03
1.815062377929687500e+03 1.243943359375000000e+03
1.820655395507812500e+03 1.289867675781250000e+03
1.467492553710937500e+03 2.019288452148437500e+03
1.793596923828125000e+03 9.009183349609375000e+02
1.806000610351562500e+03 1.060403442382812500e+03
1.794643554687500000e+03 8.123391113281250000e+02
1.800302368164062500e+03 9.311389160156250000e+02
1.797608154296875000e+03 8.773023071289062500e+02
1.803843994140625000e+03 9.947229003906250000e+02
1.802694213867187500e+03 9.011137084960937500e+02
1.807493896484375000e+03 1.007275329589843750e+03
1.805240234375000000e+03 8.543757324218750000e+02
1.836128662109375000e+03 1.355810424804687500e+03
1.804817016601562500e+03 8.820522460937500000e+02
1.813601318359375000e+03 1.139302612304687500e+03
1.802364501953125000e+03 8.674127197265625000e+02
1.812271972656250000e+03 1.042265747070312500e+03
1.867706054687500000e+03 1.601391967773437500e+03
1.830534545898437500e+03 1.237393188476562500e+03
1.810146606445312500e+03 9.107518310546875000e+02
1.816675292968750000e+03 1.019600341796875000e+03
1.845113037109375000e+03 1.368174560546875000e+03
1.837901245117187500e+03 1.246281616210937500e+03
1.825978393554687500e+03 1.049374755859375000e+03
1.880651611328125000e+03 1.610416748046875000e+03
1.821129028320312500e+03 8.645249633789062500e+02
1.709486816406250000e+03 9.682468872070312500e+02
1.822368286132812500e+03 9.175695800781250000e+02
1.855205444335937500e+03 1.378901855468750000e+03
1.823975830078125000e+03 7.901434936523437500e+02
1.832059448242187500e+03 9.522689819335937500e+02
2.293798828125000000e+03 1.379063964843750000e+03
1.831079223632812500e+03 8.838178100585937500e+02
1.836365478515625000e+03 9.096371459960937500e+02
1.862822509765625000e+03 1.279168579101562500e+03
1.843940673828125000e+03 6.948500366210937500e+02
1.843940673828125000e+03 6.948500366210937500e+02
1.850382934570312500e+03 7.135805053710937500e+02
1.872559204101562500e+03 1.211610229492187500e+03
1.857998535156250000e+03 7.556046142578125000e+02
1.857998535156250000e+03 7.556046142578125000e+02
1.853927246093750000e+03 6.747819213867187500e+02
2.343488037109375000e+03 1.134393310546875000e+03
1.864892944335937500e+03 6.994757080078125000e+02
1.888527343750000000e+03 1.160435424804687500e+03
1.871285034179687500e+03 7.555784912109375000e+02
2.017996215820312500e+03 7.024484252929687500e+02
1.688021484375000000e+03 1.204422851562500000e+03
1.882932739257812500e+03 8.350903320312500000e+02
1.882932739257812500e+03 8.350903320312500000e+02
1.903700439453125000e+03 1.193231323242187500e+03
1.892759521484375000e+03 1.876118164062500000e+03
1.151395996093750000e+03 9.525574951171875000e+02
1.892782958984375000e+03 7.545551147460937500e+02
1.893869506835937500e+03 6.901665649414062500e+02
1.909157592773437500e+03 9.061307373046875000e+02
1.904947387695312500e+03 7.687432250976562500e+02
1.924696533203125000e+03 1.175076904296875000e+03
1.918299316406250000e+03 8.739960327148437500e+02
2.481877685546875000e+03 1.607645629882812500e+03
2.052585693359375000e+03 1.442601684570312500e+03
1.935871582031250000e+03 1.132162353515625000e+03
1.939194824218750000e+03 1.030457031250000000e+03
1.939902343750000000e+03 1.088040161132812500e+03
1.938625000000000000e+03 1.003563354492187500e+03
1.948505249023437500e+03 1.194253051757812500e+03
1.940414428710937500e+03 9.713713378906250000e+02
1.932252441406250000e+03 7.679136962890625000e+02
9.319273681640625000e+02 9.415821533203125000e+02
2.096695800781250000e+03 1.214643554687500000e+03
1.951837890625000000e+03 1.056441528320312500e+03
2.298015380859375000e+03 1.382128417968750000e+03
1.947288818359375000e+03 8.250087280273437500e+02
1.946562622070312500e+03 6.485172119140625000e+02
1.975418823242187500e+03 1.235682128906250000e+03
1.974705566406250000e+03 1.213860595703125000e+03
1.959259765625000000e+03 8.345698852539062500e+02
1.962473510742187500e+03 8.801635742187500000e+02
1.960256103515625000e+03 6.338767089843750000e+02
1.960256103515625000e+03 6.338767089843750000e+02
1.965227294921875000e+03 6.526402587890625000e+02
1.975575561523437500e+03 6.527039184570312500e+02
2.153892089843750000e+03 7.070524291992187500e+02
2.000735229492187500e+03 6.515765380859375000e+02
9.546515502929687500e+02 1.358099487304687500e+03
9.677579956054687500e+02 4.533625793457031250e+02
1.983208129882812500e+03 7.161737670898437500e+02
2.023335327148437500e+03 7.134928588867187500e+02
2.024430786132812500e+03 8.641069335937500000e+02
1.658112304687500000e+03 1.359947387695312500e+03
2.077625488281250000e+03 1.326915893554687500e+03
9.994423828125000000e+02 1.050823608398437500e+03
2.055396972656250000e+03 8.202456054687500000e+02
2.061489990234375000e+03 6.956954956054687500e+02
1.354742309570312500e+03 1.287129516601562500e+03
2.090509521484375000e+03 1.279318725585937500e+03
2.074734863281250000e+03 7.947665405273437500e+02
2.069419921875000000e+03 6.727647705078125000e+02
2.089808349609375000e+03 1.124710083007812500e+03
2.070459228515625000e+03 6.589320678710937500e+02
2.113511230468750000e+03 1.421958862304687500e+03
2.112831787109375000e+03 1.386495971679687500e+03
2.097200683593750000e+03 1.128584716796875000e+03
2.077161865234375000e+03 7.123685913085937500e+02
2.078613525390625000e+03 7.018822631835937500e+02
2.119140625000000000e+03 1.399321411132812500e+03
1.929289306640625000e+03 6.498083496093750000e+02
1.929289306640625000e+03 6.498083496093750000e+02
2.122515380859375000e+03 1.418184814453125000e+03
2.082657958984375000e+03 6.701401367187500000e+02
2.345449951171875000e+03 1.356629394531250000e+03
2.094005859375000000e+03 7.703804931640625000e+02
2.099636230468750000e+03 6.976122436523437500e+02
2.143640136718750000e+03 1.448256469726562500e+03
2.144082519531250000e+03 1.418612548828125000e+03
2.144082519531250000e+03 1.418612548828125000e+03
2.148426757812500000e+03 1.502504882812500000e+03
2.108206298828125000e+03 7.121038208007812500e+02
2.137940429687500000e+03 1.236070312500000000e+03
2.153294433593750000e+03 1.448763183593750000e+03
2.152417480468750000e+03 1.396352539062500000e+03
2.157984619140625000e+03 1.395976318359375000e+03
2.173054199218750000e+03 1.522319213867187500e+03
2.181221923828125000e+03 1.385829589843750000e+03
2.186787841796875000e+03 1.402239990234375000e+03
2.189557373046875000e+03 1.436454956054687500e+03
1.868583129882812500e+03 8.525130004882812500e+02
2.154228271484375000e+03 6.346187133789062500e+02
2.209623535156250000e+03 1.389714721679687500e+03
2.174625000000000000e+03 7.599791259765625000e+02
2.213713378906250000e+03 1.401791992187500000e+03
2.231192382812500000e+03 1.588240356445312500e+03
2.230947753906250000e+03 1.581187988281250000e+03
2.223029052734375000e+03 1.268913085937500000e+03
2.241146484375000000e+03 1.594272338867187500e+03
2.245038330078125000e+03 1.565133789062500000e+03
2.245038330078125000e+03 1.565133789062500000e+03
2.197737792968750000e+03 7.442729492187500000e+02
2.198195556640625000e+03 6.400498657226562500e+02
2.283884735107421875e+02 1.327607299804687500e+03
2.205766357421875000e+03 6.889497680664062500e+02
2.245697509765625000e+03 1.399164306640625000e+03
2.205999755859375000e+03 6.730717163085937500e+02
2.220844726562500000e+03 9.822016601562500000e+02
2.241744628906250000e+03 1.176570556640625000e+03
2.241744628906250000e+03 1.176570556640625000e+03
2.250313964843750000e+03 1.359837524414062500e+03
2.808001708984375000e+03 1.472073242187500000e+03
2.275665039062500000e+03 1.551398193359375000e+03
1.973955932617187500e+03 1.750154418945312500e+03
2.285023681640625000e+03 1.569913452148437500e+03
2.288234863281250000e+03 1.516979125976562500e+03
2.288234863281250000e+03 1.516979125976562500e+03
2.237312255859375000e+03 5.931253051757812500e+02
2.252444091796875000e+03 7.113691406250000000e+02
2.243413818359375000e+03 5.815944824218750000e+02
2.294548095703125000e+03 1.396131591796875000e+03
2.270015136718750000e+03 1.007886535644531250e+03
2.250495605468750000e+03 6.179054565429687500e+02
2.276799804687500000e+03 1.073679565429687500e+03
2.277822265625000000e+03 1.019942932128906250e+03
2.286760742187500000e+03 1.163801391601562500e+03
2.261163818359375000e+03 6.787187500000000000e+02
2.262600097656250000e+03 5.704945068359375000e+02
2.268157958984375000e+03 5.723734130859375000e+02
2.271807373046875000e+03 6.133908691406250000e+02
2.286903320312500000e+03 8.073233032226562500e+02
2.274173828125000000e+03 5.465567016601562500e+02
2.282193115234375000e+03 6.561598510742187500e+02
2.277614746093750000e+03 5.777449951171875000e+02
2.281229248046875000e+03 5.900447998046875000e+02
2.282931884765625000e+03 6.260238037109375000e+02
2.289331298828125000e+03 6.605617065429687500e+02
2.288487792968750000e+03 6.115437011718750000e+02
2.288487792968750000e+03 6.115437011718750000e+02
2.288487792968750000e+03 6.115437011718750000e+02
2.297515869140625000e+03 7.355862426757812500e+02
2.322030517578125000e+03 1.170435302734375000e+03
2.335706542968750000e+03 1.370559204101562500e+03
2.341443847656250000e+03 1.418688110351562500e+03
2.298393798828125000e+03 6.518299560546875000e+02
2.296641357421875000e+03 5.914458618164062500e+02
2.303129394531250000e+03 6.482769775390625000e+02
2.553149902343750000e+03 1.439637207031250000e+03
2.352731933593750000e+03 1.350305053710937500e+03
2.320296630859375000e+03 7.110960083007812500e+02
2.357927490234375000e+03 1.362509521484375000e+03
1.383779785156250000e+03 1.954009277343750000e+03
2.319649169921875000e+03 6.403568725585937500e+02
2.326285888671875000e+03 7.350457763671875000e+02
2.324130859375000000e+03 7.260608520507812500e+02
2.331394287109375000e+03 8.120476074218750000e+02
2.323043945312500000e+03 6.329306640625000000e+02
1.713679504394531250e+02 1.152559326171875000e+03
2.344379882812500000e+03 9.273056030273437500e+02
2.344184326171875000e+03 8.349488525390625000e+02
2.349435058593750000e+03 9.137083129882812500e+02
1.053977539062500000e+03 1.983807495117187500e+03
2.262521728515625000e+03 8.068035278320312500e+02
2.344502441406250000e+03 5.512596435546875000e+02
5.923837280273437500e+02 1.074134887695312500e+03
2.373299072265625000e+03 9.989317016601562500e+02
2.391334228515625000e+03 1.259466186523437500e+03
2.354693847656250000e+03 6.158587646484375000e+02
2.354856689453125000e+03 6.423609619140625000e+02
2.388628173828125000e+03 1.150646606445312500e+03
2.392026611328125000e+03 1.181509033203125000e+03
2.391839111328125000e+03 1.166879516601562500e+03
2.396953613281250000e+03 1.222266357421875000e+03
2.378145263671875000e+03 9.080516967773437500e+02
2.385434082031250000e+03 8.481062011718750000e+02
2.739386718750000000e+03 1.699012939453125000e+03
2.502687500000000000e+03 8.056610107421875000e+02
2.406853515625000000e+03 1.173833984375000000e+03
2.375087890625000000e+03 5.865593261718750000e+02
2.379363525390625000e+03 7.014021606445312500e+02
2.416536132812500000e+03 1.287582641601562500e+03
2.385891601562500000e+03 7.328536376953125000e+02
2.385389160156250000e+03 6.080273437500000000e+02
2.415950195312500000e+03 1.131038330078125000e+03
1.140964233398437500e+03 1.332176269531250000e+03
2.420895263671875000e+03 1.168437377929687500e+03
2.431278564453125000e+03 1.370467651367187500e+03
2.396340332031250000e+03 7.504056396484375000e+02
2.420746582031250000e+03 1.147089843750000000e+03
2.408646484375000000e+03 9.204133911132812500e+02
2.425362304687500000e+03 1.214849731445312500e+03
2.432332519531250000e+03 1.233730957031250000e+03
2.429503906250000000e+03 1.159424804687500000e+03
2.406197753906250000e+03 6.639017944335937500e+02
2.413979003906250000e+03 8.481218872070312500e+02
2.409793457031250000e+03 6.827973632812500000e+02
2.433207275390625000e+03 1.148741455078125000e+03
2.416898681640625000e+03 7.877770385742187500e+02
2.415106445312500000e+03 6.353568725585937500e+02
2.462811523437500000e+03 1.446069824218750000e+03
2.368812011718750000e+03 1.413563354492187500e+03
2.463437500000000000e+03 1.351206787109375000e+03
2.440169677734375000e+03 9.865274047851562500e+02
2.426605712890625000e+03 6.489199829101562500e+02
2.489384277343750000e+03 1.572405639648437500e+03
2.422687744140625000e+03 5.347056274414062500e+02
2.428084472656250000e+03 6.159598388671875000e+02
2.424425537109375000e+03 5.469067382812500000e+02
2.428728515625000000e+03 6.394124755859375000e+02
1.321571655273437500e+03 1.644264770507812500e+03
1.321571655273437500e+03 1.644264770507812500e+03
2.453235839843750000e+03 9.845100097656250000e+02
2.453235839843750000e+03 9.845100097656250000e+02
2.437896240234375000e+03 6.151122436523437500e+02
2.438962646484375000e+03 6.333189697265625000e+02
2.590843505859375000e+03 8.409027099609375000e+02
2.447351318359375000e+03 7.597278442382812500e+02
2.445021484375000000e+03 6.496284790039062500e+02
2.460874023437500000e+03 9.419334106445312500e+02
2.740529296875000000e+03 1.365778564453125000e+03
2.490380859375000000e+03 1.414724609375000000e+03
