1.067464923858642578e+01 3.345553283691406250e+02
1.250263977050781250e+01 1.141065551757812500e+03
1.481355571746826172e+01 1.714044311523437500e+03
1.548426246643066406e+01 8.747550048828125000e+02
2.016190719604492188e+01 1.847984863281250000e+03
2.020462989807128906e+01 1.438422485351562500e+03
2.114547157287597656e+01 7.337172241210937500e+02
2.146707916259765625e+01 1.190930541992187500e+03
2.152238845825195312e+01 1.422225585937500000e+03
2.262772941589355469e+01 1.359467163085937500e+03
2.830355072021484375e+01 1.441840087890625000e+03
2.899126052856445312e+01 6.529444580078125000e+02
2.899126052856445312e+01 6.529444580078125000e+02
3.086693000793457031e+01 1.874751098632812500e+03
3.117992973327636719e+01 1.087705932617187500e+03
3.135272979736328125e+01 1.892044311523437500e+03
3.292827987670898438e+01 1.334922973632812500e+03
3.339257812500000000e+01 1.324396606445312500e+03
3.364657592773437500e+01 1.109379272460937500e+03
3.659985351562500000e+01 6.339166870117187500e+02
3.669871139526367188e+01 8.624713745117187500e+02
4.015736007690429688e+01 1.042684204101562500e+03
4.031517410278320312e+01 5.815781250000000000e+02
4.033273315429687500e+01 1.360886108398437500e+03
4.118963623046875000e+01 1.803180053710937500e+03
4.118963623046875000e+01 1.803180053710937500e+03
4.129749298095703125e+01 9.203972167968750000e+02
4.136825942993164062e+01 9.364947509765625000e+02
4.218236541748046875e+01 9.130366821289062500e+02
4.559986495971679688e+01 9.947105712890625000e+02
4.871357727050781250e+01 1.894106323242187500e+03
4.923023223876953125e+01 1.089108032226562500e+03
4.997317886352539062e+01 1.420454833984375000e+03
5.133006668090820312e+01 1.553924438476562500e+03
5.407123947143554688e+01 1.451454833984375000e+03
5.407123947143554688e+01 1.451454833984375000e+03
5.494327926635742188e+01 1.064116210937500000e+03
5.644432449340820312e+01 1.410864379882812500e+03
5.674634170532226562e+01 1.575983276367187500e+03
5.684851074218750000e+01 1.082003784179687500e+03
5.941828918457031250e+01 1.347166870117187500e+03
5.999383163452148438e+01 1.581555786132812500e+03
6.007846832275390625e+01 1.099879272460937500e+03
6.031626510620117188e+01 1.048461669921875000e+03
6.041785430908203125e+01 1.761960815429687500e+03
6.179621124267578125e+01 1.816948852539062500e+03
6.201363372802734375e+01 6.659570312500000000e+02
6.201363372802734375e+01 6.659570312500000000e+02
6.287063598632812500e+01 1.557029541015625000e+03
6.477271270751953125e+01 1.802232788085937500e+03
6.606109619140625000e+01 1.037895263671875000e+03
6.651601409912109375e+01 6.490844116210937500e+02
6.666304779052734375e+01 1.191690063476562500e+03
7.015666198730468750e+01 1.424473632812500000e+03
7.091268920898437500e+01 1.070580322265625000e+03
7.094534301757812500e+01 1.251752929687500000e+03
7.119779205322265625e+01 1.540341918945312500e+03
7.221491241455078125e+01 1.056126220703125000e+03
7.313485717773437500e+01 5.215964965820312500e+02
7.397917175292968750e+01 1.845721923828125000e+03
7.404866790771484375e+01 8.682983398437500000e+02
7.653230285644531250e+01 8.880972900390625000e+02
7.656452941894531250e+01 1.099898681640625000e+03
7.702626800537109375e+01 1.280160644531250000e+03
7.769829559326171875e+01 6.611831054687500000e+02
7.775773620605468750e+01 1.435530273437500000e+03
7.815708923339843750e+01 1.348682983398437500e+03
7.956578063964843750e+01 1.229942138671875000e+03
8.292639160156250000e+01 1.557483764648437500e+03
8.323223876953125000e+01 1.558176391601562500e+03
8.464479064941406250e+01 1.549712158203125000e+03
8.486432647705078125e+01 1.374676879882812500e+03
8.840795135498046875e+01 1.821122314453125000e+03
8.923910522460937500e+01 1.144806152343750000e+03
8.984474182128906250e+01 1.832807861328125000e+03
9.022576904296875000e+01 4.226280517578125000e+02
9.257118988037109375e+01 1.899302001953125000e+03
9.344078826904296875e+01 1.542408081054687500e+03
9.366195678710937500e+01 7.990725097656250000e+02
9.366195678710937500e+01 7.990725097656250000e+02
9.394293212890625000e+01 9.566497802734375000e+02
9.498520660400390625e+01 1.318520019531250000e+03
9.741552734375000000e+01 1.188798828125000000e+03
9.910485839843750000e+01 1.047365844726562500e+03
1.026852416992187500e+02 1.530936279296875000e+03
1.026852416992187500e+02 1.530936279296875000e+03
1.031127624511718750e+02 1.098263183593750000e+03
1.048195343017578125e+02 1.543667358398437500e+03
1.049356460571289062e+02 1.193327758789062500e+03
1.055868682861328125e+02 1.070702880859375000e+03
1.061877059936523438e+02 8.906165161132812500e+02
1.064165267944335938e+02 9.902232055664062500e+02
1.096094360351562500e+02 7.160692138671875000e+02
1.099189147949218750e+02 1.105385009765625000e+03
1.115335693359375000e+02 7.584420166015625000e+02
1.125485687255859375e+02 1.426050170898437500e+03
1.129073104858398438e+02 1.027156494140625000e+03
1.142644042968750000e+02 1.809876831054687500e+03
1.148401870727539062e+02 1.060970458984375000e+03
1.152963638305664062e+02 6.415234985351562500e+02
1.160528411865234375e+02 1.853389892578125000e+03
1.168027725219726562e+02 7.139860839843750000e+02
1.169751510620117188e+02 1.073439941406250000e+03
1.174892578125000000e+02 1.041850463867187500e+03
1.188528137207031250e+02 6.299744873046875000e+02
1.191173400878906250e+02 1.826319335937500000e+03
1.194968109130859375e+02 6.686835937500000000e+02
1.207847671508789062e+02 1.679434082031250000e+03
1.216649017333984375e+02 1.007245666503906250e+03
1.221554565429687500e+02 8.576833496093750000e+02
1.236546173095703125e+02 6.520507812500000000e+02
1.241899108886718750e+02 8.419440917968750000e+02
1.243367309570312500e+02 8.643273925781250000e+02
1.247068099975585938e+02 9.791177368164062500e+02
1.250455093383789062e+02 1.116881958007812500e+03
1.250714874267578125e+02 1.645812377929687500e+03
1.264056930541992188e+02 6.895888671875000000e+02
1.283964996337890625e+02 7.869946899414062500e+02
1.289875030517578125e+02 7.125505371093750000e+02
1.291740570068359375e+02 5.897478637695312500e+02
1.294246826171875000e+02 1.574649658203125000e+03
1.298826293945312500e+02 1.157454589843750000e+03
1.302445068359375000e+02 1.191049072265625000e+03
1.317325286865234375e+02 1.085473388671875000e+03
1.317721862792968750e+02 1.734718383789062500e+03
1.342849273681640625e+02 8.163833007812500000e+02
1.357488250732421875e+02 4.269557800292968750e+02
1.371075439453125000e+02 1.524408813476562500e+03
1.382970886230468750e+02 1.204549438476562500e+03
1.383986663818359375e+02 1.828583007812500000e+03
1.385114440917968750e+02 8.488057250976562500e+02
1.391103668212890625e+02 1.341221435546875000e+03
1.401062316894531250e+02 1.848240600585937500e+03
1.403906860351562500e+02 1.074978027343750000e+03
1.419206237792968750e+02 4.224328613281250000e+02
1.431087036132812500e+02 1.133439819335937500e+03
1.434104461669921875e+02 5.847826538085937500e+02
1.441452636718750000e+02 6.877026367187500000e+02
1.444591064453125000e+02 1.116217285156250000e+03
1.460681304931640625e+02 1.342607543945312500e+03
1.495095520019531250e+02 1.646229858398437500e+03
1.502086791992187500e+02 5.529443359375000000e+02
1.506116790771484375e+02 5.294398803710937500e+02
1.506116790771484375e+02 5.294398803710937500e+02
1.506757659912109375e+02 1.055018798828125000e+03
1.512636108398437500e+02 1.744335693359375000e+03
1.520178070068359375e+02 1.763797241210937500e+03
1.524075775146484375e+02 1.779380249023437500e+03
1.532425994873046875e+02 6.446950683593750000e+02
1.537321472167968750e+02 6.320767822265625000e+02
1.547114257812500000e+02 4.416168823242187500e+02
1.552927551269531250e+02 8.580841674804687500e+02
1.559030303955078125e+02 1.541786254882812500e+03
1.569312286376953125e+02 5.876081542968750000e+02
1.594558563232421875e+02 1.278866333007812500e+03
1.605517578125000000e+02 1.678251342773437500e+03
1.611147308349609375e+02 8.967650146484375000e+02
1.612479858398437500e+02 4.336235656738281250e+02
1.637466735839843750e+02 1.567267578125000000e+03
1.646267700195312500e+02 7.755891723632812500e+02
1.661957855224609375e+02 1.406057983398437500e+03
1.664950561523437500e+02 1.806027099609375000e+03
1.665446929931640625e+02 1.128326293945312500e+03
1.668319091796875000e+02 1.580786621093750000e+03
1.669296722412109375e+02 5.826717529296875000e+02
1.671985931396484375e+02 8.111117553710937500e+02
1.674873657226562500e+02 9.484389038085937500e+02
1.676693878173828125e+02 9.223667602539062500e+02
1.692854919433593750e+02 1.388578002929687500e+03
1.701131134033203125e+02 7.758243408203125000e+02
1.750388336181640625e+02 1.326839843750000000e+03
1.751850585937500000e+02 1.459370849609375000e+03
1.759138641357421875e+02 7.573233642578125000e+02
1.762570037841796875e+02 1.401150634765625000e+03
1.764450531005859375e+02 1.146265625000000000e+03
1.778477020263671875e+02 9.280401611328125000e+02
1.789927978515625000e+02 7.074630737304687500e+02
1.793268890380859375e+02 1.001170227050781250e+03
1.821841583251953125e+02 1.796223388671875000e+03
1.828769073486328125e+02 1.425116333007812500e+03
1.833914489746093750e+02 1.526220825195312500e+03
1.834049224853515625e+02 5.451126098632812500e+02
1.835683898925781250e+02 7.341744384765625000e+02
1.844409637451171875e+02 5.885139770507812500e+02
1.846488037109375000e+02 1.495528198242187500e+03
1.866196746826171875e+02 4.790993041992187500e+02
1.870624389648437500e+02 1.693855834960937500e+03
1.876862487792968750e+02 1.360870849609375000e+03
1.880303192138671875e+02 1.473744384765625000e+03
1.892426147460937500e+02 1.048361572265625000e+03
1.901535949707031250e+02 1.480697998046875000e+03
1.909924468994140625e+02 1.417818359375000000e+03
1.924911193847656250e+02 7.466354370117187500e+02
1.930111541748046875e+02 1.452901733398437500e+03
1.930111541748046875e+02 1.452901733398437500e+03
1.936490631103515625e+02 9.553410034179687500e+02
1.941784057617187500e+02 1.284237670898437500e+03
1.941952056884765625e+02 8.341453247070312500e+02
1.967760314941406250e+02 5.956133422851562500e+02
1.973757629394531250e+02 1.506343017578125000e+03
1.978845520019531250e+02 9.945471801757812500e+02
1.986850280761718750e+02 5.881212158203125000e+02
1.995767669677734375e+02 1.366788574218750000e+03
1.999973144531250000e+02 1.905605957031250000e+03
2.011051025390625000e+02 1.321685668945312500e+03
2.012377014160156250e+02 1.430770996093750000e+03
2.013125305175781250e+02 1.327661621093750000e+03
2.024888153076171875e+02 1.333335693359375000e+03
2.076109313964843750e+02 7.517966918945312500e+02
2.083261413574218750e+02 9.886810913085937500e+02
2.085336761474609375e+02 1.436083129882812500e+03
2.090796051025390625e+02 9.433660888671875000e+02
2.107700500488281250e+02 1.878680175781250000e+03
2.109620208740234375e+02 1.038761840820312500e+03
2.130260314941406250e+02 1.415596435546875000e+03
2.132804565429687500e+02 1.682929321289062500e+03
2.153657531738281250e+02 1.234463989257812500e+03
2.172405548095703125e+02 1.392250610351562500e+03
2.178395538330078125e+02 1.423233886718750000e+03
2.178395538330078125e+02 1.423233886718750000e+03
2.178938903808593750e+02 1.408342895507812500e+03
2.180604553222656250e+02 9.916853637695312500e+02
2.188406066894531250e+02 6.184785156250000000e+02
2.196201171875000000e+02 1.597345336914062500e+03
2.199323272705078125e+02 1.127675415039062500e+03
2.225245056152343750e+02 8.284175415039062500e+02
2.234802246093750000e+02 1.586412597656250000e+03
2.237108764648437500e+02 1.110641967773437500e+03
2.239765777587890625e+02 1.237917724609375000e+03
2.258818359375000000e+02 1.287357055664062500e+03
2.261113281250000000e+02 1.217817871093750000e+03
2.280808715820312500e+02 6.696315917968750000e+02
2.308985137939453125e+02 1.456247314453125000e+03
2.327964019775390625e+02 1.793796142578125000e+03
2.333085479736328125e+02 1.230349365234375000e+03
2.340440063476562500e+02 1.241067504882812500e+03
2.353357849121093750e+02 1.874073242187500000e+03
2.356628112792968750e+02 8.136223754882812500e+02
2.360641632080078125e+02 1.757126098632812500e+03
2.364728088378906250e+02 8.996305541992187500e+02
2.365600738525390625e+02 1.174153686523437500e+03
2.366337890625000000e+02 1.494818603515625000e+03
2.369573516845703125e+02 1.708797485351562500e+03
2.372508544921875000e+02 1.890132324218750000e+03
2.385589447021484375e+02 1.242800048828125000e+03
2.397456207275390625e+02 1.235396484375000000e+03
2.399849548339843750e+02 9.748341064453125000e+02
2.405083312988281250e+02 6.983037719726562500e+02
2.406521453857421875e+02 1.621481445312500000e+03
2.413612823486328125e+02 1.205896972656250000e+03
2.415891571044921875e+02 7.587362670898437500e+02
2.420967102050781250e+02 5.103114013671875000e+02
2.422470245361328125e+02 1.048918457031250000e+03
2.439508666992187500e+02 1.120997314453125000e+03
2.443811950683593750e+02 1.367287841796875000e+03
2.446009979248046875e+02 4.988043823242187500e+02
2.456869049072265625e+02 5.126298828125000000e+02
2.465219726562500000e+02 6.366812133789062500e+02
2.470358734130859375e+02 1.371791870117187500e+03
2.483230438232421875e+02 1.510280639648437500e+03
2.490660400390625000e+02 1.150521850585937500e+03
2.490737762451171875e+02 9.372365722656250000e+02
2.507028503417968750e+02 6.892008666992187500e+02
2.508529510498046875e+02 5.825625610351562500e+02
2.511396636962890625e+02 4.974355468750000000e+02
2.513593444824218750e+02 6.531963500976562500e+02
2.519242706298828125e+02 1.550435791015625000e+03
2.521248016357421875e+02 5.097275390625000000e+02
2.524527893066406250e+02 1.042542480468750000e+03
2.539207305908203125e+02 1.194031860351562500e+03
2.544169921875000000e+02 9.446992797851562500e+02
2.546946563720703125e+02 1.183792968750000000e+03
2.550715026855468750e+02 1.556338012695312500e+03
2.551567382812500000e+02 1.060342407226562500e+03
2.560503845214843750e+02 7.597826538085937500e+02
2.562210693359375000e+02 1.861773437500000000e+03
2.583183593750000000e+02 1.093923950195312500e+03
2.591336975097656250e+02 8.328562011718750000e+02
2.607075500488281250e+02 1.897776123046875000e+03
2.609264526367187500e+02 1.057870117187500000e+03
2.632218933105468750e+02 7.227565917968750000e+02
2.635933227539062500e+02 1.857651489257812500e+03
2.641216125488281250e+02 1.843334228515625000e+03
2.665732421875000000e+02 7.966722412109375000e+02
2.667314758300781250e+02 1.048171142578125000e+03
2.672457580566406250e+02 6.473160400390625000e+02
2.681095886230468750e+02 1.038552490234375000e+03
2.684704284667968750e+02 1.232219604492187500e+03
2.698058776855468750e+02 1.316220092773437500e+03
2.708015747070312500e+02 7.996067504882812500e+02
2.724368896484375000e+02 6.667906494140625000e+02
2.727845458984375000e+02 1.839954711914062500e+03
2.732423400878906250e+02 5.994597778320312500e+02
2.734076843261718750e+02 1.802716918945312500e+03
2.763004455566406250e+02 1.510044677734375000e+03
2.769073486328125000e+02 1.331466796875000000e+03
2.790355834960937500e+02 6.562424316406250000e+02
2.794278259277343750e+02 4.713782043457031250e+02
2.797628784179687500e+02 9.062591552734375000e+02
2.799220886230468750e+02 6.677081298828125000e+02
2.802972717285156250e+02 1.823675048828125000e+03
2.812397766113281250e+02 6.225643310546875000e+02
2.828376464843750000e+02 6.913432617187500000e+02
2.842751159667968750e+02 5.972828979492187500e+02
2.845227355957031250e+02 1.030476196289062500e+03
2.856254272460937500e+02 7.094852294921875000e+02
2.860348205566406250e+02 1.273093139648437500e+03
2.870436401367187500e+02 6.705808105468750000e+02
2.884487915039062500e+02 1.780846923828125000e+03
2.895146484375000000e+02 1.304395019531250000e+03
2.897613525390625000e+02 1.599649536132812500e+03
2.916591796875000000e+02 1.900269775390625000e+03
2.926481933593750000e+02 6.044936523437500000e+02
2.928541870117187500e+02 4.640495300292968750e+02
2.931346130371093750e+02 8.840977172851562500e+02
2.938578186035156250e+02 6.173615112304687500e+02
2.963534545898437500e+02 1.525504516601562500e+03
2.967413024902343750e+02 8.522970581054687500e+02
2.983115234375000000e+02 1.225452758789062500e+03
2.984159240722656250e+02 1.020537170410156250e+03
2.987644348144531250e+02 1.792406982421875000e+03
3.001782226562500000e+02 1.546115356445312500e+03
3.006105957031250000e+02 1.464164184570312500e+03
3.014413452148437500e+02 1.815213378906250000e+03
3.019020080566406250e+02 1.498130615234375000e+03
3.034632873535156250e+02 1.467776855468750000e+03
3.049535217285156250e+02 6.597149658203125000e+02
3.051126403808593750e+02 1.788820800781250000e+03
3.059974060058593750e+02 1.531343750000000000e+03
3.063675537109375000e+02 1.138087402343750000e+03
3.080898437500000000e+02 1.129833007812500000e+03
3.083355407714843750e+02 1.722408081054687500e+03
3.083355407714843750e+02 1.722408081054687500e+03
3.086060485839843750e+02 1.265973144531250000e+03
3.086060485839843750e+02 1.265973144531250000e+03
3.098201904296875000e+02 1.801862304687500000e+03
3.114558410644531250e+02 8.688779907226562500e+02
3.116455383300781250e+02 1.118218139648437500e+03
3.121769409179687500e+02 1.231720458984375000e+03
3.125809326171875000e+02 1.399684936523437500e+03
3.126246948242187500e+02 1.783295654296875000e+03
3.144181213378906250e+02 8.566719970703125000e+02
3.144181213378906250e+02 8.566719970703125000e+02
3.155087890625000000e+02 1.127947631835937500e+03
3.165425415039062500e+02 1.529832885742187500e+03
3.191082458496093750e+02 1.524702514648437500e+03
3.194861450195312500e+02 1.136202758789062500e+03
3.197204895019531250e+02 1.456537841796875000e+03
3.211972045898437500e+02 1.255191406250000000e+03
3.215433044433593750e+02 1.141714477539062500e+03
3.223944091796875000e+02 1.119555908203125000e+03
3.228800964355468750e+02 6.777916870117187500e+02
3.239768981933593750e+02 1.657641601562500000e+03
3.243009033203125000e+02 1.527817871093750000e+03
3.246072692871093750e+02 1.688072265625000000e+03
3.246463317871093750e+02 1.512406738281250000e+03
3.255666503906250000e+02 4.662111816406250000e+02
3.259416503906250000e+02 8.034188842773437500e+02
3.261083679199218750e+02 1.420541259765625000e+03
3.284107971191406250e+02 1.843729248046875000e+03
3.291795959472656250e+02 1.762378784179687500e+03
3.310600891113281250e+02 4.776209716796875000e+02
3.333814392089843750e+02 7.293168945312500000e+02
3.334116516113281250e+02 1.558823486328125000e+03
3.334855651855468750e+02 1.800500122070312500e+03
3.351005554199218750e+02 1.830867919921875000e+03
3.354399108886718750e+02 1.473503173828125000e+03
3.364061889648437500e+02 1.572284912109375000e+03
3.396619567871093750e+02 1.760236694335937500e+03
3.408075866699218750e+02 1.582024780273437500e+03
3.414944458007812500e+02 1.169278686523437500e+03
3.419725952148437500e+02 1.681235107421875000e+03
3.424530029296875000e+02 1.359565063476562500e+03
3.427798156738281250e+02 1.342241455078125000e+03
3.442319946289062500e+02 1.376695556640625000e+03
3.467055053710937500e+02 4.606839294433593750e+02
3.475103454589843750e+02 1.245493408203125000e+03
3.483536071777343750e+02 8.772514038085937500e+02
3.487636413574218750e+02 1.534923828125000000e+03
3.491287231445312500e+02 1.744767333984375000e+03
3.495008544921875000e+02 1.465429199218750000e+03
3.504961853027343750e+02 1.758981933593750000e+03
3.516951293945312500e+02 1.175858764648437500e+03
3.523240966796875000e+02 1.688860107421875000e+03
3.540682373046875000e+02 1.591755371093750000e+03
3.553125000000000000e+02 1.533035278320312500e+03
3.570381774902343750e+02 1.083780395507812500e+03
3.571861877441406250e+02 1.494151245117187500e+03
3.604641113281250000e+02 1.194447753906250000e+03
3.606597595214843750e+02 7.836739501953125000e+02
3.618959045410156250e+02 1.678327148437500000e+03
3.629509277343750000e+02 1.066978149414062500e+03
3.643836975097656250e+02 1.349143066406250000e+03
3.644240417480468750e+02 9.595576782226562500e+02
3.646299743652343750e+02 7.903182373046875000e+02
3.648016967773437500e+02 9.573768920898437500e+02
3.651525573730468750e+02 1.237172851562500000e+03
3.653675842285156250e+02 1.753926635742187500e+03
3.707866210937500000e+02 7.875750122070312500e+02
3.716391601562500000e+02 9.433376464843750000e+02
3.717776489257812500e+02 1.281922485351562500e+03
3.720077209472656250e+02 1.496918945312500000e+03
3.728398742675781250e+02 1.285844604492187500e+03
3.733308410644531250e+02 5.745701904296875000e+02
3.733794860839843750e+02 6.133510742187500000e+02
3.735440979003906250e+02 1.458090209960937500e+03
3.739600830078125000e+02 8.315101318359375000e+02
3.743607177734375000e+02 1.320618652343750000e+03
3.745262451171875000e+02 1.226548217773437500e+03
3.749571228027343750e+02 4.482011413574218750e+02
3.803115234375000000e+02 1.622454956054687500e+03
3.808760375976562500e+02 1.810921386718750000e+03
3.834150390625000000e+02 1.781390502929687500e+03
3.834539184570312500e+02 1.068639404296875000e+03
3.840910339355468750e+02 1.103160522460937500e+03
3.841708374023437500e+02 1.757006469726562500e+03
3.865272521972656250e+02 1.093812133789062500e+03
3.866972656250000000e+02 1.311809814453125000e+03
3.876237182617187500e+02 1.434738281250000000e+03
3.887831420898437500e+02 1.145672485351562500e+03
3.909291076660156250e+02 8.792793579101562500e+02
3.926171875000000000e+02 1.818034057617187500e+03
3.926997680664062500e+02 1.208251464843750000e+03
3.950630187988281250e+02 5.516685180664062500e+02
3.963194274902343750e+02 4.921090698242187500e+02
3.963194274902343750e+02 4.921090698242187500e+02
3.968618774414062500e+02 1.392040405273437500e+03
3.974183959960937500e+02 1.382549438476562500e+03
3.982349853515625000e+02 1.324535034179687500e+03
3.988286437988281250e+02 1.802382324218750000e+03
4.014073486328125000e+02 1.815567626953125000e+03
4.036454772949218750e+02 1.362799926757812500e+03
4.056003417968750000e+02 1.828811645507812500e+03
4.065221557617187500e+02 1.822118164062500000e+03
4.075176696777343750e+02 5.588446655273437500e+02
4.085060119628906250e+02 4.607810668945312500e+02
4.107677001953125000e+02 1.813144653320312500e+03
4.121231079101562500e+02 1.385522460937500000e+03
4.132780761718750000e+02 1.315323974609375000e+03
4.139490051269531250e+02 1.400639038085937500e+03
4.158868408203125000e+02 1.106023559570312500e+03
4.163923950195312500e+02 1.343810302734375000e+03
4.171571960449218750e+02 1.797378051757812500e+03
4.171571960449218750e+02 1.797378051757812500e+03
4.185922851562500000e+02 5.017247619628906250e+02
4.195088195800781250e+02 1.779597290039062500e+03
4.208443603515625000e+02 1.414806152343750000e+03
4.213298339843750000e+02 1.120753662109375000e+03
4.225277099609375000e+02 1.162303100585937500e+03
4.229114074707031250e+02 9.093286743164062500e+02
4.246876831054687500e+02 1.835977172851562500e+03
4.288926696777343750e+02 6.749139404296875000e+02
4.308964233398437500e+02 4.504166870117187500e+02
4.319872131347656250e+02 4.671733093261718750e+02
4.336881713867187500e+02 4.552789001464843750e+02
4.353838806152343750e+02 1.196201538085937500e+03
4.432145996093750000e+02 1.097774536132812500e+03
4.452831726074218750e+02 1.232841308593750000e+03
4.587690124511718750e+02 1.339630126953125000e+03
4.589881591796875000e+02 1.077058227539062500e+03
4.598182373046875000e+02 1.395903686523437500e+03
4.624120788574218750e+02 1.811429443359375000e+03
4.624703674316406250e+02 5.717055664062500000e+02
4.626515197753906250e+02 1.425254882812500000e+03
4.665941467285156250e+02 8.213842773437500000e+02
4.677167663574218750e+02 1.081376220703125000e+03
4.677167663574218750e+02 1.081376220703125000e+03
4.685643615722656250e+02 1.688531372070312500e+03
4.702817382812500000e+02 1.853108520507812500e+03
4.720683898925781250e+02 1.139861694335937500e+03
4.732167053222656250e+02 1.331581909179687500e+03
4.763033752441406250e+02 7.422337036132812500e+02
4.767868041992187500e+02 1.883305541992187500e+03
4.770301208496093750e+02 1.736774536132812500e+03
4.772592773437500000e+02 1.167233764648437500e+03
4.788308105468750000e+02 7.941794433593750000e+02
4.799701232910156250e+02 4.959528198242187500e+02
4.822823181152343750e+02 1.700580810546875000e+03
4.865136108398437500e+02 1.727220825195312500e+03
4.865136108398437500e+02 1.727220825195312500e+03
4.870677490234375000e+02 7.551259765625000000e+02
4.902786865234375000e+02 1.886171264648437500e+03
4.916810607910156250e+02 1.446464355468750000e+03
4.917005310058593750e+02 1.176498168945312500e+03
4.938288574218750000e+02 1.667421386718750000e+03
4.952463073730468750e+02 1.291529296875000000e+03
4.952904357910156250e+02 1.874953735351562500e+03
4.966968078613281250e+02 1.492724975585937500e+03
4.992803344726562500e+02 1.199573852539062500e+03
4.995486755371093750e+02 1.186234130859375000e+03
5.026567687988281250e+02 1.756576904296875000e+03
5.046966247558593750e+02 1.195712646484375000e+03
5.049768676757812500e+02 1.447653564453125000e+03
5.055093383789062500e+02 1.067623413085937500e+03
5.075823669433593750e+02 1.745227416992187500e+03
5.092492370605468750e+02 1.450387817382812500e+03
5.097284240722656250e+02 1.432699096679687500e+03
5.100817565917968750e+02 1.098282714843750000e+03
5.113520202636718750e+02 4.494557800292968750e+02
5.123255004882812500e+02 1.648853881835937500e+03
5.128205566406250000e+02 1.708605346679687500e+03
5.135604248046875000e+02 4.960508728027343750e+02
5.136333618164062500e+02 4.506323852539062500e+02
5.139880981445312500e+02 8.136497802734375000e+02
5.155097656250000000e+02 1.461560058593750000e+03
5.165289916992187500e+02 1.674070678710937500e+03
5.178969726562500000e+02 1.778174194335937500e+03
5.184890747070312500e+02 3.526079101562500000e+02
5.191773071289062500e+02 1.724743164062500000e+03
5.195354614257812500e+02 1.716135253906250000e+03
5.214106445312500000e+02 4.469279174804687500e+02
5.227666625976562500e+02 1.752515869140625000e+03
5.279515991210937500e+02 1.349138671875000000e+03
5.308353271484375000e+02 1.514050781250000000e+03
5.323380737304687500e+02 1.565254394531250000e+03
5.375487060546875000e+02 1.224466308593750000e+03
5.400465698242187500e+02 6.128521118164062500e+02
5.411992187500000000e+02 1.390621582031250000e+03
5.411992187500000000e+02 1.390621582031250000e+03
5.417384033203125000e+02 1.795234985351562500e+03
5.417384033203125000e+02 1.795234985351562500e+03
5.434375610351562500e+02 1.510369384765625000e+03
5.441884155273437500e+02 1.423309570312500000e+03
5.469212036132812500e+02 1.451757202148437500e+03
5.478579101562500000e+02 6.350346069335937500e+02
5.485320434570312500e+02 1.408090698242187500e+03
5.509823608398437500e+02 1.884241088867187500e+03
5.536085815429687500e+02 7.247628784179687500e+02
5.540205688476562500e+02 5.788145751953125000e+02
5.542245483398437500e+02 1.203875000000000000e+03
5.557481079101562500e+02 6.008695068359375000e+02
5.577210083007812500e+02 1.820951538085937500e+03
5.579011230468750000e+02 1.857955566406250000e+03
5.595561523437500000e+02 1.489627441406250000e+03
5.602671508789062500e+02 4.497763366699218750e+02
5.637413940429687500e+02 1.480078735351562500e+03
5.656396484375000000e+02 1.430367187500000000e+03
5.676616210937500000e+02 5.703352050781250000e+02
5.678496093750000000e+02 1.371514892578125000e+03
5.691569213867187500e+02 1.158597778320312500e+03
5.695436401367187500e+02 8.798255004882812500e+02
5.706787719726562500e+02 5.787243041992187500e+02
5.728887329101562500e+02 1.323546630859375000e+03
5.748203735351562500e+02 1.220133422851562500e+03
5.749061889648437500e+02 2.816844177246093750e+02
5.769725952148437500e+02 1.228946777343750000e+03
5.774371337890625000e+02 1.549980346679687500e+03
5.780040893554687500e+02 1.563179931640625000e+03
5.796415405273437500e+02 1.736893310546875000e+03
5.799441528320312500e+02 1.447037963867187500e+03
5.824559326171875000e+02 1.268868652343750000e+03
5.837930297851562500e+02 6.515852050781250000e+02
5.843181152343750000e+02 1.399971557617187500e+03
5.862262573242187500e+02 1.538541870117187500e+03
5.873606567382812500e+02 1.372795166015625000e+03
5.883799438476562500e+02 1.230005493164062500e+03
5.883799438476562500e+02 1.230005493164062500e+03
5.900641479492187500e+02 1.235466674804687500e+03
5.948288574218750000e+02 1.738112426757812500e+03
5.956806640625000000e+02 1.783944580078125000e+03
5.981174926757812500e+02 1.801741333007812500e+03
5.988067016601562500e+02 1.358377319335937500e+03
5.988635253906250000e+02 1.316379760742187500e+03
5.990275268554687500e+02 1.358779174804687500e+03
5.991783447265625000e+02 1.327363647460937500e+03
6.001107788085937500e+02 1.110667724609375000e+03
6.011329956054687500e+02 1.367590209960937500e+03
6.035814208984375000e+02 1.225687011718750000e+03
6.041185913085937500e+02 1.672162475585937500e+03
6.043283081054687500e+02 1.693199096679687500e+03
6.049068603515625000e+02 1.703177978515625000e+03
6.056713256835937500e+02 1.461645996093750000e+03
6.059757080078125000e+02 1.208559082031250000e+03
6.074155273437500000e+02 4.060906982421875000e+02
6.076927490234375000e+02 1.733374633789062500e+03
6.084370117187500000e+02 1.123958374023437500e+03
6.088021240234375000e+02 1.292703125000000000e+03
6.088021240234375000e+02 1.292703125000000000e+03
6.117107543945312500e+02 1.143844848632812500e+03
6.117107543945312500e+02 1.143844848632812500e+03
6.134893798828125000e+02 1.439984741210937500e+03
6.147111206054687500e+02 1.116762329101562500e+03
6.159866943359375000e+02 1.923732666015625000e+03
6.163824462890625000e+02 1.400503173828125000e+03
6.180973510742187500e+02 1.197036376953125000e+03
6.185831909179687500e+02 1.709119384765625000e+03
6.186259155273437500e+02 1.533342041015625000e+03
6.216491088867187500e+02 1.312257568359375000e+03
6.216491088867187500e+02 1.312257568359375000e+03
6.237705688476562500e+02 1.689216796875000000e+03
6.252644042968750000e+02 1.323150146484375000e+03
6.280282592773437500e+02 1.417731323242187500e+03
6.293461914062500000e+02 1.146031982421875000e+03
6.296198120117187500e+02 1.534298950195312500e+03
6.296198120117187500e+02 1.534298950195312500e+03
6.308275756835937500e+02 1.200187011718750000e+03
6.308275756835937500e+02 1.200187011718750000e+03
6.326955566406250000e+02 1.128488647460937500e+03
6.328435058593750000e+02 1.516281127929687500e+03
6.328735961914062500e+02 1.499937988281250000e+03
6.340651855468750000e+02 1.482258789062500000e+03
6.346137695312500000e+02 1.319246704101562500e+03
6.350137329101562500e+02 1.350192016601562500e+03
6.448977050781250000e+02 1.317656005859375000e+03
6.463247070312500000e+02 1.188474731445312500e+03
6.474514160156250000e+02 1.076186401367187500e+03
6.483014526367187500e+02 1.777328125000000000e+03
6.487969360351562500e+02 1.176755615234375000e+03
6.507803344726562500e+02 1.533110839843750000e+03
6.518594970703125000e+02 1.277629150390625000e+03
6.524496459960937500e+02 3.379459533691406250e+02
6.560070190429687500e+02 1.535717773437500000e+03
6.584025878906250000e+02 1.178490844726562500e+03
6.584025878906250000e+02 1.178490844726562500e+03
6.588773803710937500e+02 1.719914428710937500e+03
6.634295654296875000e+02 1.782803100585937500e+03
6.673374023437500000e+02 1.168706420898437500e+03
6.684497680664062500e+02 1.701064697265625000e+03
6.726157226562500000e+02 1.192532958984375000e+03
6.733239746093750000e+02 1.723742553710937500e+03
6.752919921875000000e+02 1.277100463867187500e+03
6.799174194335937500e+02 1.767194091796875000e+03
6.815798339843750000e+02 1.257161621093750000e+03
6.818823852539062500e+02 1.346759643554687500e+03
6.822435302734375000e+02 1.546317504882812500e+03
6.828806152343750000e+02 1.710034790039062500e+03
6.851055908203125000e+02 1.375709838867187500e+03
6.856287841796875000e+02 1.290172241210937500e+03
6.856751098632812500e+02 1.832516479492187500e+03
6.857403564453125000e+02 1.724009277343750000e+03
6.881058959960937500e+02 1.796551269531250000e+03
6.899644165039062500e+02 1.561260253906250000e+03
6.938596801757812500e+02 1.762377319335937500e+03
6.939504394531250000e+02 1.266704833984375000e+03
6.978247070312500000e+02 1.375326049804687500e+03
6.993603515625000000e+02 1.558352539062500000e+03
7.007502441406250000e+02 1.843994750976562500e+03
7.028291015625000000e+02 1.853946655273437500e+03
7.066043701171875000e+02 1.741625366210937500e+03
7.066427612304687500e+02 1.860706665039062500e+03
7.071539916992187500e+02 1.294168701171875000e+03
7.108933105468750000e+02 1.363921264648437500e+03
7.164044189453125000e+02 1.244017944335937500e+03
7.183694458007812500e+02 1.112727783203125000e+03
7.200012817382812500e+02 1.399332519531250000e+03
7.208834228515625000e+02 1.747024536132812500e+03
7.263682250976562500e+02 1.615959472656250000e+03
7.296412353515625000e+02 1.208457397460937500e+03
7.317438354492187500e+02 1.214266845703125000e+03
7.320569458007812500e+02 1.719758666992187500e+03
7.350787963867187500e+02 1.110848876953125000e+03
7.352565917968750000e+02 1.731254272460937500e+03
7.354273071289062500e+02 1.124585937500000000e+03
7.354291381835937500e+02 1.871025146484375000e+03
7.397593383789062500e+02 3.603055419921875000e+02
7.401094970703125000e+02 1.477004516601562500e+03
7.404917602539062500e+02 1.901074218750000000e+03
7.417988281250000000e+02 9.467214355468750000e+02
7.420617065429687500e+02 1.297947387695312500e+03
7.437536621093750000e+02 1.080340454101562500e+03
7.439740600585937500e+02 1.195685180664062500e+03
7.479010620117187500e+02 1.206971801757812500e+03
7.494992065429687500e+02 1.028748046875000000e+03
7.512157592773437500e+02 1.898627441406250000e+03
7.544745483398437500e+02 1.239020385742187500e+03
7.557575073242187500e+02 1.353970336914062500e+03
7.567889404296875000e+02 1.414709472656250000e+03
7.595664062500000000e+02 1.853169799804687500e+03
7.642830200195312500e+02 1.932950195312500000e+03
7.657613525390625000e+02 1.240846313476562500e+03
7.676353149414062500e+02 1.128329956054687500e+03
7.683988037109375000e+02 1.775510253906250000e+03
7.693998413085937500e+02 1.210720947265625000e+03
7.714299316406250000e+02 1.100663330078125000e+03
7.720266113281250000e+02 1.908096801757812500e+03
7.736964111328125000e+02 1.638984619140625000e+03
7.744258422851562500e+02 1.856315185546875000e+03
7.753145141601562500e+02 1.522255493164062500e+03
7.757348022460937500e+02 1.251204956054687500e+03
7.758327026367187500e+02 1.259320800781250000e+03
7.770401000976562500e+02 1.136336181640625000e+03
7.771311645507812500e+02 1.172997680664062500e+03
7.788041381835937500e+02 1.878473144531250000e+03
7.793262329101562500e+02 1.324035766601562500e+03
7.800935668945312500e+02 1.353181884765625000e+03
7.848679199218750000e+02 2.860348205566406250e+02
7.852315673828125000e+02 1.237842041015625000e+03
7.856296386718750000e+02 1.780240356445312500e+03
7.864972534179687500e+02 1.103254272460937500e+03
7.874465942382812500e+02 1.884042480468750000e+03
7.885084228515625000e+02 1.773814575195312500e+03
7.911929931640625000e+02 1.834321166992187500e+03
7.911929931640625000e+02 1.834321166992187500e+03
7.960212402343750000e+02 1.758308837890625000e+03
7.971587524414062500e+02 1.191810546875000000e+03
8.007028198242187500e+02 1.646019409179687500e+03
8.055202026367187500e+02 1.352510864257812500e+03
8.065460205078125000e+02 1.214045532226562500e+03
8.121624755859375000e+02 1.243158325195312500e+03
8.159794311523437500e+02 1.060617675781250000e+03
8.195794067382812500e+02 1.898308715820312500e+03
8.261889648437500000e+02 1.222838256835937500e+03
8.290764160156250000e+02 1.262196899414062500e+03
8.297835083007812500e+02 1.901000610351562500e+03
8.331751098632812500e+02 1.857315063476562500e+03
8.420037841796875000e+02 5.117049255371093750e+02
8.420366821289062500e+02 1.203683593750000000e+03
8.429608154296875000e+02 1.873633422851562500e+03
8.447875976562500000e+02 1.201339843750000000e+03
8.565370483398437500e+02 1.219173217773437500e+03
8.647095947265625000e+02 1.819114990234375000e+03
8.707603149414062500e+02 1.587589721679687500e+03
8.728037719726562500e+02 8.980711059570312500e+02
8.743298950195312500e+02 1.887588745117187500e+03
8.895272827148437500e+02 1.592041870117187500e+03
8.943978271484375000e+02 1.906988159179687500e+03
8.983352050781250000e+02 5.244395751953125000e+02
8.997520751953125000e+02 1.198616577148437500e+03
9.054326782226562500e+02 1.781165039062500000e+03
9.120228881835937500e+02 5.259410400390625000e+02
9.201463623046875000e+02 5.425083618164062500e+02
9.222720947265625000e+02 7.743748168945312500e+02
9.238362426757812500e+02 5.139015502929687500e+02
9.544383544921875000e+02 1.175703247070312500e+03
9.596104125976562500e+02 1.182825683593750000e+03
9.626918334960937500e+02 7.279878540039062500e+02
9.638421630859375000e+02 1.229743286132812500e+03
9.660343017578125000e+02 1.191549682617187500e+03
9.695264282226562500e+02 6.218964233398437500e+02
9.808432617187500000e+02 1.590360961914062500e+03
9.870172729492187500e+02 1.366087036132812500e+03
9.997700195312500000e+02 1.139901855468750000e+03
1.007958129882812500e+03 1.149153442382812500e+03
1.009489685058593750e+03 5.892317504882812500e+02
1.032427856445312500e+03 7.001155395507812500e+02
1.057037841796875000e+03 1.133887451171875000e+03
1.061339721679687500e+03 1.502847534179687500e+03
1.061339721679687500e+03 1.502847534179687500e+03
1.069731689453125000e+03 6.722788696289062500e+02
1.073051147460937500e+03 5.773533935546875000e+02
1.123145263671875000e+03 1.325583374023437500e+03
1.123995727539062500e+03 1.576616943359375000e+03
1.124201904296875000e+03 7.964425048828125000e+02
1.133663452148437500e+03 8.355012817382812500e+02
1.147666015625000000e+03 1.272966186523437500e+03
1.147666015625000000e+03 1.272966186523437500e+03
1.151055297851562500e+03 7.102772216796875000e+02
1.157713867187500000e+03 7.865216674804687500e+02
1.165915405273437500e+03 8.811676025390625000e+02
1.173124389648437500e+03 1.299283935546875000e+03
1.174269287109375000e+03 5.670330810546875000e+02
1.185947875976562500e+03 6.693506469726562500e+02
1.190534790039062500e+03 1.572155395507812500e+03
1.196364990234375000e+03 1.851633544921875000e+03
1.197383666992187500e+03 7.334573974609375000e+02
1.198345703125000000e+03 7.334849853515625000e+02
1.199104370117187500e+03 1.915435546875000000e+03
1.201833984375000000e+03 1.211248779296875000e+03
1.206823486328125000e+03 7.382661743164062500e+02
1.207875000000000000e+03 1.208898315429687500e+03
1.216787719726562500e+03 1.199832153320312500e+03
1.224754516601562500e+03 1.101026123046875000e+03
1.232047729492187500e+03 1.148117553710937500e+03
1.237090576171875000e+03 1.204896118164062500e+03
1.239791625976562500e+03 5.667059326171875000e+02
1.250301879882812500e+03 1.166366088867187500e+03
1.255255859375000000e+03 1.887192993164062500e+03
1.259716552734375000e+03 1.896265991210937500e+03
1.259718505859375000e+03 1.136193847656250000e+03
1.260854248046875000e+03 1.125371459960937500e+03
1.266737304687500000e+03 1.921204467773437500e+03
1.272001098632812500e+03 1.158900390625000000e+03
1.272152099609375000e+03 6.023651733398437500e+02
1.277316406250000000e+03 1.225762451171875000e+03
1.281198608398437500e+03 1.874689819335937500e+03
1.290727783203125000e+03 1.220789306640625000e+03
1.290727783203125000e+03 1.220789306640625000e+03
1.292257568359375000e+03 1.289078002929687500e+03
1.296426025390625000e+03 1.879947021484375000e+03
1.297192504882812500e+03 1.234795410156250000e+03
1.297374511718750000e+03 6.674124145507812500e+02
1.304892578125000000e+03 1.426460693359375000e+03
1.305104980468750000e+03 1.881602783203125000e+03
1.306509399414062500e+03 1.858986938476562500e+03
1.315876464843750000e+03 1.906113525390625000e+03
1.319936523437500000e+03 1.505307250976562500e+03
1.321822143554687500e+03 7.062428588867187500e+02
1.328834960937500000e+03 1.914930053710937500e+03
1.328834960937500000e+03 1.914930053710937500e+03
1.332861572265625000e+03 1.857949218750000000e+03
1.334703857421875000e+03 1.172837768554687500e+03
1.338575805664062500e+03 1.593665039062500000e+03
1.340332153320312500e+03 1.871161865234375000e+03
1.342126586914062500e+03 1.566090332031250000e+03
1.343113647460937500e+03 7.881558837890625000e+02
1.343188232421875000e+03 1.606504516601562500e+03
1.345580078125000000e+03 1.903107788085937500e+03
1.345823852539062500e+03 1.202672119140625000e+03
1.354579467773437500e+03 1.211604614257812500e+03
1.370665161132812500e+03 1.836598144531250000e+03
1.375445922851562500e+03 1.559445556640625000e+03
1.376971069335937500e+03 1.895755126953125000e+03
1.399613037109375000e+03 1.691219604492187500e+03
1.407110351562500000e+03 1.880597656250000000e+03
1.421155517578125000e+03 8.421729125976562500e+02
1.428845703125000000e+03 1.497697265625000000e+03
1.437929809570312500e+03 8.326359252929687500e+02
1.438830566406250000e+03 1.843767944335937500e+03
1.439565551757812500e+03 1.914177001953125000e+03
1.454023315429687500e+03 9.811508789062500000e+02
1.465608764648437500e+03 8.267384033203125000e+02
1.472603637695312500e+03 8.390309448242187500e+02
1.478577392578125000e+03 1.807255493164062500e+03
1.491937744140625000e+03 1.032323608398437500e+03
1.492531372070312500e+03 1.927196533203125000e+03
1.497126586914062500e+03 1.492449096679687500e+03
1.505487792968750000e+03 1.445007568359375000e+03
1.508774658203125000e+03 8.338963012695312500e+02
1.521862060546875000e+03 8.138167114257812500e+02
1.528701782226562500e+03 1.493117187500000000e+03
1.543585449218750000e+03 1.620068359375000000e+03
1.547857299804687500e+03 1.844364135742187500e+03
1.549115600585937500e+03 1.570687988281250000e+03
1.568441284179687500e+03 1.454157226562500000e+03
1.568441284179687500e+03 1.454157226562500000e+03
1.573415649414062500e+03 1.761743774414062500e+03
1.586045410156250000e+03 1.444534301757812500e+03
1.603379150390625000e+03 1.688274047851562500e+03
1.610159667968750000e+03 1.700899169921875000e+03
1.612352661132812500e+03 1.770973876953125000e+03
1.615517089843750000e+03 1.681958618164062500e+03
1.615967285156250000e+03 1.485269287109375000e+03
1.620880615234375000e+03 1.503099365234375000e+03
1.627668823242187500e+03 1.782588012695312500e+03
1.629538208007812500e+03 1.476047119140625000e+03
1.629710327148437500e+03 1.791825439453125000e+03
1.630539794921875000e+03 8.500269165039062500e+02
1.633450073242187500e+03 1.463394775390625000e+03
1.643936523437500000e+03 1.762785034179687500e+03
1.651946044921875000e+03 1.677812622070312500e+03
1.654173828125000000e+03 1.651627685546875000e+03
1.654756713867187500e+03 1.467005859375000000e+03
1.657267578125000000e+03 1.686637207031250000e+03
1.657542114257812500e+03 1.502238037109375000e+03
1.662521972656250000e+03 1.535855834960937500e+03
1.664706054687500000e+03 1.856593872070312500e+03
1.675703002929687500e+03 1.676783813476562500e+03
1.679627197265625000e+03 1.709086303710937500e+03
1.684554321289062500e+03 9.403612060546875000e+02
1.684633911132812500e+03 1.705243164062500000e+03
1.685077636718750000e+03 1.439392822265625000e+03
1.690671997070312500e+03 1.464224243164062500e+03
1.699450927734375000e+03 1.474894897460937500e+03
1.704220092773437500e+03 1.751005493164062500e+03
1.716107055664062500e+03 1.502428466796875000e+03
1.716289306640625000e+03 1.731975585937500000e+03
1.720969970703125000e+03 1.476869506835937500e+03
1.723629882812500000e+03 1.469521362304687500e+03
1.732596923828125000e+03 1.457185668945312500e+03
1.734613159179687500e+03 1.587010375976562500e+03
1.739335449218750000e+03 1.755235961914062500e+03
1.746876464843750000e+03 1.724444702148437500e+03
1.755145751953125000e+03 1.468013305664062500e+03
1.755145751953125000e+03 1.468013305664062500e+03
1.755555664062500000e+03 1.457570068359375000e+03
1.756734375000000000e+03 1.132321655273437500e+03
1.758083984375000000e+03 1.480398193359375000e+03
1.760629394531250000e+03 1.751353515625000000e+03
1.762057006835937500e+03 1.439778930664062500e+03
1.763641601562500000e+03 1.040194824218750000e+03
1.764364257812500000e+03 1.756123046875000000e+03
1.766677246093750000e+03 1.481773437500000000e+03
1.766880981445312500e+03 1.473743041992187500e+03
1.775493652343750000e+03 1.581968383789062500e+03
1.776411376953125000e+03 1.486099731445312500e+03
1.782904663085937500e+03 1.464727905273437500e+03
1.794086303710937500e+03 1.090002563476562500e+03
1.795287475585937500e+03 1.675929443359375000e+03
1.796106201171875000e+03 1.745596557617187500e+03
1.799488647460937500e+03 1.730763671875000000e+03
1.799488647460937500e+03 1.730763671875000000e+03
1.801854736328125000e+03 1.453863403320312500e+03
1.804286499023437500e+03 1.605614501953125000e+03
1.816445190429687500e+03 1.466912963867187500e+03
1.818792846679687500e+03 1.162043823242187500e+03
1.822810913085937500e+03 1.287711059570312500e+03
1.825339233398437500e+03 1.468199584960937500e+03
1.828211669921875000e+03 1.447253906250000000e+03
1.828946289062500000e+03 1.500996337890625000e+03
1.829421997070312500e+03 1.909617919921875000e+03
1.829955688476562500e+03 1.055991943359375000e+03
1.835089965820312500e+03 1.236860107421875000e+03
1.835230957031250000e+03 1.009181030273437500e+03
1.835460083007812500e+03 1.091168457031250000e+03
1.835884033203125000e+03 1.029160034179687500e+03
1.836525878906250000e+03 1.163147216796875000e+03
1.839365966796875000e+03 1.058068969726562500e+03
1.839776123046875000e+03 1.177832885742187500e+03
1.840521850585937500e+03 1.006015869140625000e+03
1.841445922851562500e+03 1.576409423828125000e+03
1.841990478515625000e+03 1.034973022460937500e+03
1.842262695312500000e+03 1.326301147460937500e+03
1.842599853515625000e+03 1.016992614746093750e+03
1.843223510742187500e+03 1.217844848632812500e+03
1.843639648437500000e+03 1.857306152343750000e+03
1.846839233398437500e+03 1.439740234375000000e+03
1.848034179687500000e+03 1.067938354492187500e+03
1.848817749023437500e+03 1.192694213867187500e+03
1.853336181640625000e+03 1.591703369140625000e+03
1.853946655273437500e+03 1.451590332031250000e+03
1.856668701171875000e+03 1.228133178710937500e+03
1.857839965820312500e+03 1.866036865234375000e+03
1.859831665039062500e+03 1.017504455566406250e+03
1.860042968750000000e+03 1.052340576171875000e+03
1.861714355468750000e+03 1.075504394531250000e+03
1.861930541992187500e+03 1.603389404296875000e+03
1.863172607421875000e+03 9.319238281250000000e+02
1.868546386718750000e+03 1.118426025390625000e+03
1.868719116210937500e+03 8.030311279296875000e+02
1.870301513671875000e+03 1.040357177734375000e+03
1.875631225585937500e+03 1.069765014648437500e+03
1.879223999023437500e+03 1.490408081054687500e+03
1.889153442382812500e+03 8.250113525390625000e+02
1.889153442382812500e+03 8.250113525390625000e+02
1.896671264648437500e+03 8.470383300781250000e+02
1.897204833984375000e+03 1.413303588867187500e+03
1.901992797851562500e+03 8.941057739257812500e+02
1.901992797851562500e+03 8.941057739257812500e+02
1.902174316406250000e+03 8.030210571289062500e+02
1.902603271484375000e+03 7.913713989257812500e+02
1.912864624023437500e+03 8.306660156250000000e+02
1.916536987304687500e+03 1.355824707031250000e+03
1.917272705078125000e+03 8.941618652343750000e+02
1.920421264648437500e+03 9.727927246093750000e+02
1.923793579101562500e+03 1.665100708007812500e+03
1.926932861328125000e+03 9.847516479492187500e+02
1.926932861328125000e+03 9.847516479492187500e+02
1.929863037109375000e+03 1.394907836914062500e+03
1.931264038085937500e+03 1.626567626953125000e+03
1.931639770507812500e+03 9.928112792968750000e+02
1.941084960937500000e+03 8.930256958007812500e+02
1.945195190429687500e+03 8.213450317382812500e+02
1.953328979492187500e+03 1.066582519531250000e+03
1.954393798828125000e+03 9.093016357421875000e+02
1.958343139648437500e+03 1.374449951171875000e+03
1.964129028320312500e+03 1.032531372070312500e+03
1.964460083007812500e+03 8.423934326171875000e+02
1.969386718750000000e+03 1.263646484375000000e+03
1.971459228515625000e+03 1.328563232421875000e+03
1.976121826171875000e+03 1.210778320312500000e+03
1.978181762695312500e+03 1.274019287109375000e+03
1.980893798828125000e+03 1.177397216796875000e+03
1.981595947265625000e+03 1.396861450195312500e+03
1.982134277343750000e+03 1.143044799804687500e+03
1.983359008789062500e+03 9.131611938476562500e+02
1.985317871093750000e+03 1.071552368164062500e+03
1.986372436523437500e+03 1.321778442382812500e+03
1.988889282226562500e+03 1.241619262695312500e+03
1.991764038085937500e+03 1.516081420898437500e+03
1.998696411132812500e+03 9.765120849609375000e+02
2.006418457031250000e+03 7.770246582031250000e+02
2.008156005859375000e+03 1.444711791992187500e+03
2.008475097656250000e+03 1.420634765625000000e+03
2.013559326171875000e+03 9.856611938476562500e+02
2.013644042968750000e+03 1.039007690429687500e+03
2.023849365234375000e+03 7.610039062500000000e+02
2.023849365234375000e+03 7.610039062500000000e+02
2.028083496093750000e+03 7.818492431640625000e+02
2.039105346679687500e+03 7.827226562500000000e+02
2.068034667968750000e+03 1.608178466796875000e+03
2.069043457031250000e+03 7.821837768554687500e+02
2.070933593750000000e+03 1.372149291992187500e+03
2.077053710937500000e+03 1.435020263671875000e+03
2.077675781250000000e+03 1.310415893554687500e+03
2.087110351562500000e+03 8.536014404296875000e+02
2.087664794921875000e+03 1.022471252441406250e+03
2.103351806640625000e+03 1.806646850585937500e+03
2.113745605468750000e+03 1.554197143554687500e+03
2.121135742187500000e+03 1.648231445312500000e+03
2.121321044921875000e+03 9.762495117187500000e+02
2.132829589843750000e+03 8.360082397460937500e+02
2.133179687500000000e+03 1.793705444335937500e+03
2.135390625000000000e+03 1.501042846679687500e+03
2.143672363281250000e+03 9.494396362304687500e+02
2.144188720703125000e+03 8.101774902343750000e+02
2.144856445312500000e+03 1.324367431640625000e+03
2.147442138671875000e+03 7.944155883789062500e+02
2.148436523437500000e+03 1.664745483398437500e+03
2.148857177734375000e+03 1.623616333007812500e+03
2.151600830078125000e+03 1.330284912109375000e+03
2.154552978515625000e+03 8.563139648437500000e+02
2.155379394531250000e+03 8.448677978515625000e+02
2.155707031250000000e+03 1.638378906250000000e+03
2.157610839843750000e+03 1.680776123046875000e+03
2.157610839843750000e+03 1.680776123046875000e+03
2.159369873046875000e+03 1.659993164062500000e+03
2.159426025390625000e+03 8.082442626953125000e+02
2.161458251953125000e+03 1.431718261718750000e+03
2.167303222656250000e+03 9.224559936523437500e+02
2.180072509765625000e+03 8.400050659179687500e+02
2.180352539062500000e+03 1.695976928710937500e+03
2.182128662109375000e+03 1.661413085937500000e+03
2.182128662109375000e+03 1.661413085937500000e+03
2.185801513671875000e+03 1.755220581054687500e+03
2.186270019531250000e+03 8.547681274414062500e+02
2.191451660156250000e+03 1.455047241210937500e+03
2.191993896484375000e+03 1.696859252929687500e+03
2.193459228515625000e+03 1.637112426757812500e+03
2.196027343750000000e+03 1.633928588867187500e+03
2.210368408203125000e+03 1.780664550781250000e+03
2.226009277343750000e+03 1.625614624023437500e+03
2.231997314453125000e+03 1.645145874023437500e+03
2.233076660156250000e+03 1.684048095703125000e+03
2.234108886718750000e+03 1.296079711914062500e+03
2.246007812500000000e+03 7.712400512695312500e+02
2.258188232421875000e+03 1.632077514648437500e+03
2.259568603515625000e+03 9.146771240234375000e+02
2.263520751953125000e+03 1.644877929687500000e+03
2.270564208984375000e+03 1.859518432617187500e+03
2.273855957031250000e+03 1.850882080078125000e+03
2.283629394531250000e+03 1.496005249023437500e+03
2.284172607421875000e+03 1.866063964843750000e+03
2.285297851562500000e+03 1.831346923828125000e+03
2.285297851562500000e+03 1.831346923828125000e+03
2.287649169921875000e+03 8.972987060546875000e+02
2.294279785156250000e+03 7.797400512695312500e+02
2.296656982421875000e+03 1.880358032226562500e+03
2.298023193359375000e+03 8.342288818359375000e+02
2.300133544921875000e+03 1.643129028320312500e+03
2.300532714843750000e+03 8.184395751953125000e+02
2.301815673828125000e+03 1.169276123046875000e+03
2.310131347656250000e+03 1.388515258789062500e+03
2.310131347656250000e+03 1.388515258789062500e+03
2.310504882812500000e+03 1.602228515625000000e+03
2.318420166015625000e+03 1.407388183593750000e+03
2.325941162109375000e+03 1.818148803710937500e+03
2.330837158203125000e+03 1.886377319335937500e+03
2.334417968750000000e+03 1.836101806640625000e+03
2.341321777343750000e+03 1.781513549804687500e+03
2.341321777343750000e+03 1.781513549804687500e+03
2.346166259765625000e+03 7.276951904296875000e+02
2.350900878906250000e+03 8.633076171875000000e+02
2.354880615234375000e+03 7.140492553710937500e+02
2.356771484375000000e+03 1.642335205078125000e+03
2.357000732421875000e+03 1.201473876953125000e+03
2.358086914062500000e+03 7.573456420898437500e+02
2.359507568359375000e+03 1.275373168945312500e+03
2.362713378906250000e+03 1.214206298828125000e+03
2.364591064453125000e+03 1.377895996093750000e+03
2.366356201171875000e+03 8.262135009765625000e+02
2.375394287109375000e+03 7.042987060546875000e+02
2.382901367187500000e+03 7.059091186523437500e+02
2.384175292968750000e+03 7.523525390625000000e+02
2.384675048828125000e+03 9.721517333984375000e+02
2.389548828125000000e+03 6.789406127929687500e+02
2.391407226562500000e+03 8.013586425781250000e+02
2.391463378906250000e+03 7.123900146484375000e+02
2.393258300781250000e+03 7.281666870117187500e+02
2.393822753906250000e+03 7.673853149414062500e+02
2.399274902343750000e+03 8.060322875976562500e+02
2.401328857421875000e+03 7.523463745117187500e+02
2.401328857421875000e+03 7.523463745117187500e+02
2.401414794921875000e+03 7.523737792968750000e+02
2.402749511718750000e+03 8.919909667968750000e+02
2.404040039062500000e+03 1.387166381835937500e+03
2.405474609375000000e+03 1.616294311523437500e+03
2.408389892578125000e+03 1.671767944335937500e+03
2.410096679687500000e+03 7.973833007812500000e+02
2.412458496093750000e+03 7.288179321289062500e+02
2.414414550781250000e+03 7.928507690429687500e+02
2.420374511718750000e+03 1.743927978515625000e+03
2.426691406250000000e+03 1.592697021484375000e+03
2.430850341796875000e+03 8.666384277343750000e+02
2.431602539062500000e+03 1.606885864257812500e+03
2.432519287109375000e+03 1.520928588867187500e+03
2.433724853515625000e+03 7.863318481445312500e+02
2.434332519531250000e+03 8.935139770507812500e+02
2.434355224609375000e+03 8.837053222656250000e+02
2.437269042968750000e+03 9.797792358398437500e+02
2.439364746093750000e+03 7.783464355468750000e+02
2.440657714843750000e+03 7.275966186523437500e+02
2.442506347656250000e+03 1.112714721679687500e+03
2.450125244140625000e+03 1.007216247558593750e+03
2.450291015625000000e+03 1.097510742187500000e+03
2.453117675781250000e+03 9.434213867187500000e+02
2.461930175781250000e+03 9.884296264648437500e+02
2.468712646484375000e+03 6.861112670898437500e+02
2.470806640625000000e+03 1.570646850585937500e+03
2.473531005859375000e+03 1.195703002929687500e+03
2.474198730468750000e+03 1.493276367187500000e+03
2.474232666015625000e+03 7.588454589843750000e+02
2.474421142578125000e+03 7.896146850585937500e+02
2.475830566406250000e+03 1.370640136718750000e+03
2.480523925781250000e+03 1.403717895507812500e+03
2.482064208984375000e+03 1.386515136718750000e+03
2.483694824218750000e+03 1.448901000976562500e+03
2.485272705078125000e+03 1.091794189453125000e+03
2.494994384765625000e+03 1.024483398437500000e+03
2.496454833984375000e+03 1.936041625976562500e+03
2.496634033203125000e+03 8.958530273437500000e+02
2.497945068359375000e+03 1.395810424804687500e+03
2.498561767578125000e+03 7.294155883789062500e+02
2.498959228515625000e+03 8.577932128906250000e+02
2.501660400390625000e+03 1.526463867187500000e+03
2.505827636718750000e+03 8.941072387695312500e+02
2.510481445312500000e+03 7.525620727539062500e+02
2.512742431640625000e+03 1.345881347656250000e+03
2.512787353515625000e+03 1.804267700195312500e+03
2.514443603515625000e+03 1.390112182617187500e+03
2.515070556640625000e+03 1.619555419921875000e+03
2.515975097656250000e+03 9.140645751953125000e+02
2.516247314453125000e+03 1.364837158203125000e+03
2.517532958984375000e+03 1.106488037109375000e+03
2.518456542968750000e+03 1.443294799804687500e+03
2.523185791015625000e+03 1.464985961914062500e+03
2.525127441406250000e+03 1.380260009765625000e+03
2.530176025390625000e+03 8.172002563476562500e+02
2.530304687500000000e+03 1.024693969726562500e+03
2.533606689453125000e+03 8.399324340820312500e+02
2.535309082031250000e+03 1.368666015625000000e+03
2.537836669921875000e+03 9.579288330078125000e+02
2.542969726562500000e+03 7.840820922851562500e+02
2.546527099609375000e+03 1.708181396484375000e+03
2.548873291015625000e+03 1.769568481445312500e+03
2.550029541015625000e+03 1.596535644531250000e+03
2.550444091796875000e+03 1.183808715820312500e+03
2.554218750000000000e+03 8.012122192382812500e+02
2.556231445312500000e+03 1.852062988281250000e+03
2.557822509765625000e+03 6.715831298828125000e+02
2.558922119140625000e+03 7.627897338867187500e+02
2.559567138671875000e+03 6.858700561523437500e+02
2.559879882812500000e+03 7.892761230468750000e+02
2.562232666015625000e+03 1.721381103515625000e+03
2.562232666015625000e+03 1.721381103515625000e+03
2.565644531250000000e+03 1.182209228515625000e+03
2.565644531250000000e+03 1.182209228515625000e+03
2.569576904296875000e+03 7.627567138671875000e+02
2.569969238281250000e+03 7.839769897460937500e+02
2.572692626953125000e+03 9.999011840820312500e+02
2.573861328125000000e+03 9.276130371093750000e+02
2.575597412109375000e+03 8.020373535156250000e+02
2.576994873046875000e+03 1.135108886718750000e+03
2.576994873046875000e+03 1.135108886718750000e+03
2.578865234375000000e+03 1.673804687500000000e+03
