2.258856506347656250e+02 2.271604309082031250e+02
2.258856506347656250e+02 2.271604309082031250e+02
2.258856506347656250e+02 2.271604309082031250e+02
2.258856506347656250e+02 2.271604309082031250e+02
1.559706726074218750e+02 6.225413818359375000e+02
1.559706726074218750e+02 6.225413818359375000e+02
1.564572296142578125e+02 3.157845764160156250e+02
1.838905334472656250e+02 3.748723754882812500e+02
1.642512664794921875e+02 3.292246398925781250e+02
1.401920166015625000e+02 2.758154907226562500e+02
1.424201507568359375e+02 2.793481750488281250e+02
1.380165863037109375e+02 2.695545959472656250e+02
1.608908233642578125e+02 3.179480895996093750e+02
2.300822296142578125e+02 2.362026367187500000e+02
1.751572570800781250e+02 3.454284973144531250e+02
2.258856506347656250e+02 2.271604309082031250e+02
1.883615264892578125e+02 3.659235839843750000e+02
1.945253906250000000e+02 3.792758789062500000e+02
1.999730682373046875e+02 4.067436218261718750e+02
1.883128814697265625e+02 3.619739379882812500e+02
1.941713867187500000e+02 5.438737182617187500e+02
1.941713867187500000e+02 5.438737182617187500e+02
1.957789306640625000e+02 3.728676757812500000e+02
1.976117401123046875e+02 3.770812072753906250e+02
2.047501525878906250e+02 3.928775634765625000e+02
2.059847717285156250e+02 3.984407653808593750e+02
1.908859558105468750e+02 3.558450317382812500e+02
2.031142883300781250e+02 5.411458129882812500e+02
2.031142883300781250e+02 5.411458129882812500e+02
2.081177368164062500e+02 5.503862915039062500e+02
4.192237243652343750e+02 1.216602935791015625e+02
1.983126678466796875e+02 6.154903564453125000e+02
1.443439483642578125e+02 2.227314453125000000e+02
2.051124114990234375e+02 6.177893066406250000e+02
2.077565612792968750e+02 5.254832153320312500e+02
3.020428771972656250e+02 6.307783508300781250e+01
2.032123565673828125e+02 3.095289001464843750e+02
2.078441009521484375e+02 3.173937988281250000e+02
2.078441009521484375e+02 3.173937988281250000e+02
2.040462036132812500e+02 3.060476074218750000e+02
4.550251159667968750e+02 6.886357879638671875e+01
2.209202880859375000e+02 3.417253112792968750e+02
2.043527984619140625e+02 6.114986572265625000e+02
2.982252807617187500e+02 1.432051239013671875e+02
1.528741302490234375e+02 2.196043853759765625e+02
2.157928009033203125e+02 3.247935180664062500e+02
2.216627502441406250e+02 5.280706787109375000e+02
2.196151123046875000e+02 3.303915405273437500e+02
2.310791473388671875e+02 3.840480041503906250e+02
2.297100524902343750e+02 3.592348632812500000e+02
4.374747619628906250e+02 1.054568634033203125e+02
2.340433807373046875e+02 3.830447387695312500e+02
3.275517272949218750e+02 5.095921936035156250e+02
1.925758666992187500e+02 3.217698059082031250e+02
2.394303588867187500e+02 3.847833557128906250e+02
2.357793121337890625e+02 5.161046142578125000e+02
2.367223205566406250e+02 3.378944396972656250e+02
2.363886260986328125e+02 5.095791015625000000e+02
1.719766998291015625e+02 2.179144592285156250e+02
1.723484344482421875e+02 2.236624908447265625e+02
2.437472991943359375e+02 5.194772949218750000e+02
2.431438140869140625e+02 3.693684082031250000e+02
2.492995758056640625e+02 3.816029052734375000e+02
3.166280517578125000e+02 7.996245574951171875e+01
2.278051910400390625e+02 2.720920715332031250e+02
2.372226562500000000e+02 2.991581420898437500e+02
2.359582824707031250e+02 2.952635803222656250e+02
2.531482543945312500e+02 5.224671020507812500e+02
2.309022216796875000e+02 2.698738098144531250e+02
2.309022216796875000e+02 2.698738098144531250e+02
1.921497650146484375e+02 1.920814056396484375e+02
2.580786132812500000e+02 5.159473266601562500e+02
2.522274169921875000e+02 4.945546569824218750e+02
2.378248748779296875e+02 2.774856567382812500e+02
2.378248748779296875e+02 2.774856567382812500e+02
2.570225219726562500e+02 5.046112060546875000e+02
2.570225219726562500e+02 5.046112060546875000e+02
2.575787658691406250e+02 5.010810241699218750e+02
2.575787658691406250e+02 5.010810241699218750e+02
2.573865356445312500e+02 1.325076904296875000e+02
2.393791503906250000e+02 2.713416748046875000e+02
2.090979309082031250e+02 2.536665344238281250e+02
2.078259582519531250e+02 2.172462615966796875e+02
2.062447967529296875e+02 1.918558197021484375e+02
2.126897277832031250e+02 2.493589172363281250e+02
2.138619995117187500e+02 2.410949707031250000e+02
2.138997192382812500e+02 2.298170318603515625e+02
2.555848541259765625e+02 2.929365539550781250e+02
2.155531005859375000e+02 2.157326660156250000e+02
2.728148498535156250e+02 5.094027099609375000e+02
2.159685974121093750e+02 2.101456146240234375e+02
2.496990203857421875e+02 2.717462463378906250e+02
2.174390411376953125e+02 2.019486846923828125e+02
2.199278717041015625e+02 2.377984161376953125e+02
2.199278717041015625e+02 2.377984161376953125e+02
2.172987365722656250e+02 1.940130615234375000e+02
2.199622192382812500e+02 2.255567626953125000e+02
2.199622192382812500e+02 2.255567626953125000e+02
2.179856872558593750e+02 1.878928070068359375e+02
2.179856872558593750e+02 1.878928070068359375e+02
3.505109024047851562e+01 5.685703735351562500e+02
2.206764373779296875e+02 2.185396575927734375e+02
2.090979309082031250e+02 2.536665344238281250e+02
2.248792266845703125e+02 2.454561920166015625e+02
1.976935272216796875e+02 2.671876220703125000e+02
2.280791778564453125e+02 1.893209381103515625e+02
1.495177612304687500e+02 3.367816772460937500e+02
2.311728668212890625e+02 1.991643676757812500e+02
2.316781158447265625e+02 1.939989013671875000e+02
2.199622192382812500e+02 2.255567626953125000e+02
2.131251220703125000e+02 5.462173461914062500e+02
2.371925964355468750e+02 2.289884033203125000e+02
2.390900268554687500e+02 2.371479644775390625e+02
2.964261169433593750e+02 4.955109252929687500e+02
4.181267089843750000e+02 1.355728912353515625e+02
2.417282409667968750e+02 2.409302825927734375e+02
2.410348358154296875e+02 2.254631805419921875e+02
2.410348358154296875e+02 2.254631805419921875e+02
2.984956665039062500e+02 4.882850341796875000e+02
2.430186614990234375e+02 2.336255340576171875e+02
2.432337036132812500e+02 2.285012207031250000e+02
2.432337036132812500e+02 2.285012207031250000e+02
2.389520111083984375e+02 1.780345916748046875e+02
2.389520111083984375e+02 1.780345916748046875e+02
2.445707397460937500e+02 2.149054412841796875e+02
2.441401519775390625e+02 2.011234588623046875e+02
2.446690979003906250e+02 1.951506195068359375e+02
3.828465270996093750e+01 2.313322753906250000e+02
2.449673461914062500e+02 1.877732238769531250e+02
2.465139007568359375e+02 2.045482025146484375e+02
2.432337036132812500e+02 2.285012207031250000e+02
2.335241699218750000e+02 3.651043395996093750e+02
4.676169433593750000e+02 3.333301696777343750e+02
4.676169433593750000e+02 3.333301696777343750e+02
4.378903579711914062e+01 3.621478576660156250e+02
2.126897277832031250e+02 2.493589172363281250e+02
4.754221801757812500e+02 3.557901306152343750e+02
2.371925964355468750e+02 2.289884033203125000e+02
2.415991058349609375e+02 2.478908386230468750e+02
1.405034942626953125e+02 3.221594543457031250e+02
3.931235961914062500e+02 5.959497680664062500e+02
3.931235961914062500e+02 5.959497680664062500e+02
2.829124755859375000e+02 7.026834869384765625e+01
3.830772705078125000e+02 5.992953491210937500e+02
2.445707397460937500e+02 2.149054412841796875e+02
4.531087951660156250e+02 1.419517974853515625e+02
3.830772705078125000e+02 5.992953491210937500e+02
3.830772705078125000e+02 5.992953491210937500e+02
3.931235961914062500e+02 5.959497680664062500e+02
2.445707397460937500e+02 2.149054412841796875e+02
1.495177612304687500e+02 3.367816772460937500e+02
1.405034942626953125e+02 3.221594543457031250e+02
2.990630798339843750e+02 5.088984069824218750e+02
3.986714782714843750e+02 5.744287719726562500e+02
3.986714782714843750e+02 5.744287719726562500e+02
4.030738220214843750e+02 5.935367431640625000e+02
4.044357910156250000e+02 1.386262207031250000e+02
3.830772705078125000e+02 5.992953491210937500e+02
3.830772705078125000e+02 5.992953491210937500e+02
4.754221801757812500e+02 3.557901306152343750e+02
1.405034942626953125e+02 3.221594543457031250e+02
4.446811523437500000e+02 6.338726806640625000e+02
