2.500209808349609375e+01 2.019933776855468750e+02
3.248091125488281250e+01 2.637821044921875000e+02
3.701263809204101562e+01 2.986559448242187500e+02
3.918016815185546875e+01 3.127582397460937500e+02
3.952214050292968750e+01 6.051023559570312500e+02
4.042342376708984375e+01 6.040814208984375000e+02
5.507818603515625000e+01 2.374172515869140625e+02
5.639440917968750000e+01 3.570158996582031250e+02
5.784542083740234375e+01 2.629739990234375000e+02
5.829832839965820312e+01 1.659756774902343750e+02
5.850378036499023438e+01 1.726813049316406250e+02
5.910093307495117188e+01 1.546052246093750000e+02
6.121952056884765625e+01 2.433379821777343750e+02
6.334880065917968750e+01 2.126622772216796875e+02
6.371529006958007812e+01 2.952374877929687500e+02
6.710639190673828125e+01 3.488775329589843750e+02
7.013082122802734375e+01 3.369337158203125000e+02
7.135778808593750000e+01 3.635490112304687500e+02
7.178093719482421875e+01 4.096001586914062500e+02
7.282126617431640625e+01 3.306063537597656250e+02
7.546218872070312500e+01 5.534107055664062500e+02
7.546218872070312500e+01 5.534107055664062500e+02
7.554022979736328125e+01 3.547724609375000000e+02
7.739869689941406250e+01 3.609366455078125000e+02
7.829482269287109375e+01 3.938716735839843750e+02
8.025627136230468750e+01 4.012677917480468750e+02
8.197165679931640625e+01 3.190423583984375000e+02
8.861845397949218750e+01 5.511484985351562500e+02
8.861845397949218750e+01 5.511484985351562500e+02
9.173091125488281250e+01 5.653205566406250000e+02
9.289364624023437500e+01 2.165589752197265625e+02
9.299705505371093750e+01 6.054710083007812500e+02
9.603604125976562500e+01 7.823827362060546875e+01
1.010898208618164062e+02 6.088793945312500000e+02
1.033061828613281250e+02 5.251583251953125000e+02
1.126180953979492188e+02 2.082908020019531250e+02
1.129393234252929688e+02 2.471846618652343750e+02
1.144594573974609375e+02 2.641727294921875000e+02
1.144594573974609375e+02 2.641727294921875000e+02
1.169023361206054688e+02 2.423611145019531250e+02
1.169549560546875000e+02 2.593825683593750000e+02
1.173861694335937500e+02 3.147884826660156250e+02
1.200780715942382812e+02 1.544603424072265625e+02
1.211057891845703125e+02 7.775498962402343750e+01
1.211057891845703125e+02 7.775498962402343750e+01
1.217314376831054688e+02 2.808018493652343750e+02
1.219151535034179688e+02 5.321417846679687500e+02
1.245886383056640625e+02 2.919646606445312500e+02
1.270464630126953125e+02 3.814601745605468750e+02
1.292143859863281250e+02 3.448328857421875000e+02
1.306544952392578125e+02 3.876267089843750000e+02
1.326412811279296875e+02 3.805228271484375000e+02
1.363218536376953125e+02 2.833911437988281250e+02
1.380996246337890625e+02 3.985503540039062500e+02
1.411358642578125000e+02 3.851129150390625000e+02
1.462179718017578125e+02 5.169369506835937500e+02
1.481000366210937500e+02 3.111329345703125000e+02
1.482614898681640625e+02 5.081325683593750000e+02
1.499130249023437500e+02 7.887262725830078125e+01
1.500190734863281250e+02 8.882409667968750000e+01
1.530120391845703125e+02 5.241144409179687500e+02
1.581315460205078125e+02 3.569857177734375000e+02
1.594483032226562500e+02 3.811443786621093750e+02
1.602082519531250000e+02 6.447643280029296875e+01
1.612126464843750000e+02 1.912481231689453125e+02
1.612872924804687500e+02 2.463645629882812500e+02
1.619090576171875000e+02 2.376040954589843750e+02
1.658851776123046875e+02 5.303280029296875000e+02
1.704284210205078125e+02 1.885307006835937500e+02
1.704284210205078125e+02 1.885307006835937500e+02
1.735857391357421875e+02 4.448925781250000000e+01
1.752543640136718750e+02 5.217883300781250000e+02
1.769214019775390625e+02 4.888324279785156250e+02
1.769768981933593750e+02 2.041643371582031250e+02
1.769768981933593750e+02 2.041643371582031250e+02
1.793464050292968750e+02 5.049402160644531250e+02
1.793464050292968750e+02 5.049402160644531250e+02
1.811287536621093750e+02 4.998823242187500000e+02
1.812768859863281250e+02 5.001589355468750000e+02
1.823373565673828125e+02 1.482174072265625000e+02
1.839247741699218750e+02 1.937683410644531250e+02
1.860991058349609375e+02 1.437675476074218750e+02
1.888069610595703125e+02 3.432136535644531250e+02
1.905454711914062500e+02 4.493694305419921875e+01
1.920645751953125000e+02 1.381734771728515625e+02
1.939766235351562500e+02 1.246174697875976562e+02
1.946417541503906250e+02 1.078946762084960938e+02
1.973188476562500000e+02 2.385679168701171875e+02
1.980913543701171875e+02 8.624037170410156250e+01
1.982293243408203125e+02 5.158229370117187500e+02
1.992107696533203125e+02 7.785599517822265625e+01
2.018465270996093750e+02 1.962004852294921875e+02
2.023111572265625000e+02 6.601943969726562500e+01
2.023566436767578125e+02 1.210012207031250000e+02
2.023566436767578125e+02 1.210012207031250000e+02
2.027276153564453125e+02 5.230931854248046875e+01
2.041547851562500000e+02 1.025389785766601562e+02
2.041547851562500000e+02 1.025389785766601562e+02
2.047398986816406250e+02 4.229817199707031250e+01
2.047398986816406250e+02 4.229817199707031250e+01
2.049987182617187500e+02 4.999798889160156250e+02
2.056831207275390625e+02 9.206386566162109375e+01
2.071934051513671875e+02 1.304748382568359375e+02
2.109952545166015625e+02 1.331282043457031250e+02
2.122483673095703125e+02 1.527539520263671875e+02
2.208110198974609375e+02 4.719935989379882812e+01
2.230924987792968750e+02 3.692195739746093750e+02
2.252135467529296875e+02 6.437179565429687500e+01
2.265916900634765625e+02 5.586380767822265625e+01
2.280403137207031250e+02 1.204570846557617188e+02
2.300313262939453125e+02 1.696970672607421875e+02
2.313554992675781250e+02 1.110511398315429688e+02
2.342188110351562500e+02 1.238320999145507812e+02
2.348491058349609375e+02 5.017603454589843750e+02
2.356661834716796875e+02 1.268094482421875000e+02
2.376566619873046875e+02 1.302029571533203125e+02
2.385588226318359375e+02 1.069465026855468750e+02
2.385588226318359375e+02 1.069465026855468750e+02
2.388149414062500000e+02 4.906672973632812500e+02
2.404008331298828125e+02 1.190144958496093750e+02
2.414693603515625000e+02 1.120138549804687500e+02
2.414693603515625000e+02 1.120138549804687500e+02
2.440558013916015625e+02 3.174292373657226562e+01
2.440558013916015625e+02 3.174292373657226562e+01
2.451082611083984375e+02 9.156732940673828125e+01
2.462042999267578125e+02 7.019167327880859375e+01
2.477463226318359375e+02 6.076330184936523438e+01
2.486665344238281250e+02 3.503266906738281250e+01
2.491867523193359375e+02 4.889271545410156250e+01
2.495276489257812500e+02 7.589276885986328125e+01
2.528872833251953125e+02 5.594713592529296875e+01
2.534098815917968750e+02 2.286289215087890625e+02
2.721079101562500000e+02 5.759344100952148438e+01
2.832351074218750000e+02 1.569727706909179688e+01
2.832351074218750000e+02 1.569727706909179688e+01
2.899611206054687500e+02 1.367815551757812500e+02
2.983528442382812500e+02 1.116440811157226562e+02
2.986360473632812500e+02 1.366846160888671875e+02
2.995722961425781250e+02 1.412605438232421875e+02
3.039620056152343750e+02 2.202383422851562500e+02
3.094770507812500000e+02 2.210335083007812500e+02
3.111939697265625000e+02 4.754706115722656250e+02
3.148040771484375000e+02 4.440637207031250000e+02
3.150907592773437500e+02 6.227559204101562500e+02
3.161075439453125000e+02 4.905254745483398438e+01
3.176391296386718750e+02 5.160346603393554688e+01
3.252160644531250000e+02 6.213346557617187500e+02
3.252160644531250000e+02 6.213346557617187500e+02
3.272316894531250000e+02 4.402202148437500000e+02
3.318007507324218750e+02 5.978544712066650391e+00
3.436872863769531250e+02 6.216031494140625000e+02
3.450104370117187500e+02 4.481628723144531250e+02
3.501716308593750000e+02 1.952273559570312500e+01
3.525753173828125000e+02 5.921994018554687500e+02
3.525753173828125000e+02 5.921994018554687500e+02
3.536204528808593750e+02 6.176445922851562500e+02
3.968849182128906250e+02 6.022751464843750000e+02
3.972098388671875000e+02 5.974073486328125000e+02
4.117797851562500000e+02 5.950960693359375000e+02
4.407341613769531250e+02 9.905245971679687500e+01
4.420032348632812500e+02 6.200711059570312500e+02
4.749503173828125000e+02 4.705372314453125000e+02
